301 0 FT921-10162 1
301 0 FT921-10280 1
301 0 FT922-13596 1
301 0 FT923-14709 1
301 0 FT923-3034 1
301 0 FT923-365 1
301 0 FT924-11339 1
301 0 FT924-13611 1
301 0 FT924-4782 1
301 0 FT931-14697 1
301 0 FT931-3563 1
301 0 FT931-3941 1
301 0 FT932-3130 1
301 0 FT932-4965 1
301 0 FT932-5376 1
301 0 FT932-5377 1
301 0 FT932-7056 1
301 0 FT933-11804 1
301 0 FT933-17008 1
301 0 FT933-2224 1
301 0 FT934-10491 1
301 0 FT941-10611 1
301 0 FT941-13151 1
301 0 FT941-3237 1
301 0 FT941-5453 1
301 0 FT942-17001 1
301 0 FT942-792 1
301 0 FT943-16238 1
301 0 FT943-16477 1
301 0 FT943-3533 1
301 0 FT944-10635 1
301 0 FT944-12173 1
301 0 FT944-1808 1
301 0 FT944-2231 1
301 0 FT944-7669 1
301 0 FT944-8297 1
303 0 FT921-7107 1
303 0 FT924-286 1
303 0 FT931-6554 1
303 0 FT941-15661 1
303 0 FT941-17652 1
303 0 FT944-128 1
304 0 FT911-1147 1
304 0 FT921-2048 1
304 0 FT921-4090 1
304 0 FT921-4922 1
304 0 FT921-5044 1
304 0 FT921-5280 1
304 0 FT921-5897 1
304 0 FT921-6003 1
304 0 FT921-6098 1
304 0 FT921-6846 1
304 0 FT921-7262 1
304 0 FT921-8213 1
304 0 FT921-9502 1
304 0 FT923-10042 1
304 0 FT923-15645 1
304 0 FT924-7661 1
304 0 FT931-10146 1
304 0 FT931-8804 1
304 0 FT932-4552 1
304 0 FT932-6264 1
304 0 FT932-6835 1
304 0 FT932-7459 1
304 0 FT932-8518 1
304 0 FT932-8835 1
304 0 FT932-9033 1
304 0 FT933-15821 1
304 0 FT933-4692 1
304 0 FT933-4759 1
304 0 FT933-4912 1
304 0 FT933-5757 1
304 0 FT933-7330 1
304 0 FT933-9176 1
304 0 FT934-2719 1
304 0 FT934-7141 1
304 0 FT941-8534 1
304 0 FT942-16221 1
304 0 FT942-17525 1
304 0 FT942-6763 1
304 0 FT942-7081 1
304 0 FT942-7352 1
304 0 FT942-7616 1
304 0 FT942-7617 1
304 0 FT943-10094 1
304 0 FT943-4806 1
304 0 FT944-8277 1
305 0 FT922-1008 1
305 0 FT922-8544 1
305 0 FT944-136 1
305 0 FT944-15615 1
305 0 FT944-5300 1
305 0 FT944-9371 1
306 0 FT911-1303 1
306 0 FT911-1306 1
306 0 FT911-2686 1
306 0 FT911-438 1
306 0 FT911-4527 1
306 0 FT911-5351 1
306 0 FT911-556 1
306 0 FT921-15976 1
306 0 FT921-2552 1
306 0 FT921-3204 1
306 0 FT921-3315 1
306 0 FT921-8707 1
306 0 FT921-9816 1
306 0 FT922-10210 1
306 0 FT922-4421 1
306 0 FT922-6223 1
306 0 FT922-6749 1
306 0 FT922-840 1
306 0 FT923-10377 1
306 0 FT923-10572 1
306 0 FT923-13808 1
306 0 FT923-14005 1
306 0 FT923-1529 1
306 0 FT923-4860 1
306 0 FT923-544 1
306 0 FT923-7349 1
306 0 FT923-8485 1
306 0 FT923-8524 1
306 0 FT923-9600 1
306 0 FT924-10118 1
306 0 FT924-10244 1
306 0 FT924-4946 1
306 0 FT924-7484 1
306 0 FT924-8932 1
306 0 FT924-8946 1
306 0 FT924-9154 1
306 0 FT931-11172 1
306 0 FT931-12034 1
306 0 FT931-15280 1
306 0 FT931-15957 1
306 0 FT931-1888 1
306 0 FT931-6195 1
306 0 FT931-6705 1
306 0 FT932-13087 1
306 0 FT932-13960 1
306 0 FT932-14218 1
306 0 FT932-14224 1
306 0 FT932-14415 1
306 0 FT932-14950 1
306 0 FT932-15172 1
306 0 FT932-15209 1
306 0 FT932-15491 1
306 0 FT932-15585 1
306 0 FT932-2152 1
306 0 FT932-2564 1
306 0 FT932-3402 1
306 0 FT932-3608 1
306 0 FT932-4970 1
306 0 FT932-5190 1
306 0 FT932-5362 1
306 0 FT932-7501 1
306 0 FT933-10551 1
306 0 FT933-10553 1
306 0 FT933-10871 1
306 0 FT933-10885 1
306 0 FT933-14486 1
306 0 FT933-14577 1
306 0 FT933-15681 1
306 0 FT933-15868 1
306 0 FT933-15870 1
306 0 FT933-15936 1
306 0 FT933-16167 1
306 0 FT933-2434 1
306 0 FT933-2752 1
306 0 FT933-3263 1
306 0 FT933-3497 1
306 0 FT933-3875 1
306 0 FT933-4131 1
306 0 FT933-6790 1
306 0 FT933-8463 1
306 0 FT933-9095 1
306 0 FT933-9230 1
306 0 FT933-9659 1
306 0 FT934-10089 1
306 0 FT934-13358 1
306 0 FT934-16810 1
306 0 FT934-7926 1
306 0 FT934-7973 1
306 0 FT941-11079 1
306 0 FT941-16572 1
306 0 FT941-1762 1
306 0 FT941-2507 1
306 0 FT941-4037 1
306 0 FT942-10322 1
306 0 FT942-10403 1
306 0 FT942-11669 1
306 0 FT942-1214 1
306 0 FT942-13382 1
306 0 FT942-13532 1
306 0 FT942-13566 1
306 0 FT942-14046 1
306 0 FT942-1449 1
306 0 FT942-15976 1
306 0 FT942-16419 1
306 0 FT942-3174 1
306 0 FT942-3175 1
306 0 FT942-3452 1
306 0 FT942-3499 1
306 0 FT942-3708 1
306 0 FT942-3950 1
306 0 FT942-507 1
306 0 FT942-6227 1
306 0 FT942-6263 1
306 0 FT942-7623 1
306 0 FT942-8057 1
306 0 FT942-9050 1
306 0 FT942-9707 1
306 0 FT943-11249 1
306 0 FT943-11706 1
306 0 FT943-12374 1
306 0 FT943-12751 1
306 0 FT943-13869 1
306 0 FT943-14562 1
306 0 FT943-15255 1
306 0 FT943-17062 1
306 0 FT943-7361 1
306 0 FT943-8570 1
306 0 FT943-9717 1
306 0 FT944-10623 1
306 0 FT944-14155 1
306 0 FT944-5267 1
306 0 FT944-553 1
306 0 FT944-568 1
306 0 FT944-701 1
306 0 FT944-9440 1
306 0 FT944-948 1
307 0 FT911-3434 1
307 0 FT911-3436 1
307 0 FT921-15523 1
307 0 FT921-2012 1
307 0 FT921-3723 1
307 0 FT921-8199 1
307 0 FT922-14361 1
307 0 FT922-14835 1
307 0 FT922-15540 1
307 0 FT922-5114 1
307 0 FT922-6902 1
307 0 FT922-8460 1
307 0 FT922-9507 1
307 0 FT923-10241 1
307 0 FT923-12093 1
307 0 FT923-14441 1
307 0 FT923-3925 1
307 0 FT924-10488 1
307 0 FT924-10657 1
307 0 FT924-10876 1
307 0 FT924-11298 1
307 0 FT924-11520 1
307 0 FT924-11529 1
307 0 FT924-12263 1
307 0 FT924-13209 1
307 0 FT924-13783 1
307 0 FT924-1939 1
307 0 FT924-3109 1
307 0 FT924-880 1
307 0 FT931-10200 1
307 0 FT931-10635 1
307 0 FT931-13185 1
307 0 FT931-532 1
307 0 FT931-9925 1
307 0 FT932-11168 1
307 0 FT932-4790 1
307 0 FT932-6572 1
307 0 FT932-7109 1
307 0 FT932-7110 1
307 0 FT933-8878 1
307 0 FT933-9535 1
307 0 FT934-11689 1
307 0 FT934-11690 1
307 0 FT934-12989 1
307 0 FT934-13319 1
307 0 FT934-13386 1
307 0 FT934-14736 1
307 0 FT934-6262 1
307 0 FT941-12849 1
307 0 FT941-13196 1
307 0 FT941-14789 1
307 0 FT941-14908 1
307 0 FT941-15054 1
307 0 FT941-3277 1
307 0 FT941-3358 1
307 0 FT941-6914 1
307 0 FT941-7109 1
307 0 FT941-7142 1
307 0 FT941-7986 1
307 0 FT942-15429 1
307 0 FT942-4421 1
307 0 FT942-6579 1
307 0 FT942-9118 1
307 0 FT942-9942 1
307 0 FT943-13651 1
307 0 FT943-15944 1
307 0 FT943-2360 1
307 0 FT943-5393 1
307 0 FT943-7550 1
307 0 FT944-10568 1
307 0 FT944-10922 1
307 0 FT944-1140 1
307 0 FT944-13927 1
307 0 FT944-14571 1
307 0 FT944-15382 1
307 0 FT944-18684 1
307 0 FT944-3355 1
307 0 FT944-3629 1
307 0 FT944-6016 1
307 0 FT944-7672 1
307 0 FT944-8353 1
308 0 FT933-5179 1
308 0 FT944-17268 1
310 0 FT922-15435 1
310 0 FT931-10746 1
310 0 FT931-11436 1
310 0 FT931-11958 1
310 0 FT931-4108 1
310 0 FT942-4556 1
310 0 FT944-18410 1
311 0 FT911-2159 1
311 0 FT911-3920 1
311 0 FT911-414 1
311 0 FT922-1782 1
311 0 FT922-6363 1
311 0 FT923-12179 1
311 0 FT923-7364 1
311 0 FT924-15901 1
311 0 FT931-11313 1
311 0 FT931-13923 1
311 0 FT931-13935 1
311 0 FT931-14424 1
311 0 FT931-14754 1
311 0 FT931-15801 1
311 0 FT931-3885 1
311 0 FT931-3928 1
311 0 FT931-4155 1
311 0 FT931-5815 1
311 0 FT931-5822 1
311 0 FT932-1431 1
311 0 FT932-1508 1
311 0 FT932-1699 1
311 0 FT932-2890 1
311 0 FT932-4856 1
311 0 FT932-541 1
311 0 FT932-6611 1
311 0 FT932-6923 1
311 0 FT932-7208 1
311 0 FT932-7576 1
311 0 FT933-10081 1
311 0 FT933-10190 1
311 0 FT933-10523 1
311 0 FT933-10713 1
311 0 FT933-10880 1
311 0 FT933-10888 1
311 0 FT933-11094 1
311 0 FT933-11211 1
311 0 FT933-11224 1
311 0 FT933-11348 1
311 0 FT933-11583 1
311 0 FT933-11586 1
311 0 FT933-11702 1
311 0 FT933-12074 1
311 0 FT933-12086 1
311 0 FT933-12226 1
311 0 FT933-12329 1
311 0 FT933-12538 1
311 0 FT933-12687 1
311 0 FT933-12693 1
311 0 FT933-12936 1
311 0 FT933-12940 1
311 0 FT933-13059 1
311 0 FT933-13170 1
311 0 FT933-13176 1
311 0 FT933-13747 1
311 0 FT933-13803 1
311 0 FT933-13952 1
311 0 FT933-14710 1
311 0 FT933-14828 1
311 0 FT933-15153 1
311 0 FT933-2790 1
311 0 FT933-3164 1
311 0 FT933-3303 1
311 0 FT933-4177 1
311 0 FT933-4222 1
311 0 FT933-4422 1
311 0 FT933-4428 1
311 0 FT933-4450 1
311 0 FT933-4454 1
311 0 FT933-4956 1
311 0 FT933-5273 1
311 0 FT933-5282 1
311 0 FT933-5969 1
311 0 FT933-6355 1
311 0 FT933-6557 1
311 0 FT933-6558 1
311 0 FT933-6559 1
311 0 FT933-6560 1
311 0 FT933-6561 1
311 0 FT933-6767 1
311 0 FT933-7170 1
311 0 FT933-7442 1
311 0 FT933-7473 1
311 0 FT933-7701 1
311 0 FT933-7708 1
311 0 FT933-7932 1
311 0 FT933-8010 1
311 0 FT933-8358 1
311 0 FT933-8474 1
311 0 FT933-8481 1
311 0 FT933-8576 1
311 0 FT933-8905 1
311 0 FT933-9240 1
311 0 FT933-9420 1
311 0 FT933-9542 1
311 0 FT933-9672 1
311 0 FT933-9676 1
311 0 FT933-9694 1
311 0 FT933-9772 1
311 0 FT933-9877 1
311 0 FT934-12696 1
311 0 FT934-1812 1
311 0 FT934-337 1
311 0 FT934-3990 1
311 0 FT934-3991 1
311 0 FT934-5888 1
311 0 FT934-6233 1
311 0 FT934-9409 1
311 0 FT934-9639 1
311 0 FT941-10189 1
311 0 FT941-11360 1
311 0 FT941-11366 1
311 0 FT941-11631 1
311 0 FT941-13627 1
311 0 FT941-16808 1
311 0 FT941-17187 1
311 0 FT941-17397 1
311 0 FT941-39 1
311 0 FT941-469 1
311 0 FT941-9937 1
311 0 FT942-110 1
311 0 FT942-11650 1
311 0 FT942-12003 1
311 0 FT942-12295 1
311 0 FT942-12826 1
311 0 FT942-12842 1
311 0 FT942-13270 1
311 0 FT942-17475 1
311 0 FT942-1799 1
311 0 FT942-4398 1
311 0 FT942-5019 1
311 0 FT942-5774 1
311 0 FT942-6599 1
311 0 FT942-8077 1
311 0 FT942-8553 1
311 0 FT942-9059 1
311 0 FT944-15440 1
311 0 FT944-18257 1
311 0 FT944-8370 1
311 0 FT944-8837 1
312 0 FT932-13105 1
312 0 FT941-1060 1
313 0 FT921-15384 1
313 0 FT922-10458 1
313 0 FT923-12362 1
313 0 FT923-12702 1
313 0 FT923-13020 1
313 0 FT923-9701 1
313 0 FT932-15786 1
313 0 FT933-11114 1
313 0 FT934-13928 1
313 0 FT934-3724 1
313 0 FT941-3834 1
313 0 FT941-5440 1
313 0 FT941-5543 1
313 0 FT941-6205 1
313 0 FT941-6757 1
313 0 FT941-8389 1
313 0 FT942-11138 1
313 0 FT942-2971 1
313 0 FT943-1233 1
313 0 FT943-15469 1
313 0 FT943-3198 1
313 0 FT944-3015 1
314 0 FT911-1401 1
314 0 FT911-368 1
314 0 FT921-10264 1
314 0 FT921-8556 1
314 0 FT923-6171 1
314 0 FT931-31 1
314 0 FT931-8413 1
314 0 FT932-6114 1
314 0 FT932-7835 1
314 0 FT941-11108 1
314 0 FT941-12089 1
314 0 FT941-16616 1
314 0 FT942-12503 1
314 0 FT943-1589 1
314 0 FT943-15995 1
314 0 FT944-14791 1
314 0 FT944-16019 1
314 0 FT944-2343 1
314 0 FT944-2785 1
314 0 FT944-4388 1
314 0 FT944-5674 1
315 0 FT932-11619 1
315 0 FT943-5174 1
316 0 FT922-11381 1
316 0 FT922-12843 1
316 0 FT931-5366 1
316 0 FT931-6791 1
316 0 FT932-1167 1
316 0 FT932-3422 1
316 0 FT932-3656 1
316 0 FT932-4228 1
316 0 FT932-5625 1
316 0 FT933-7689 1
316 0 FT934-6885 1
316 0 FT942-4193 1
316 0 FT943-10242 1
316 0 FT943-2362 1
316 0 FT943-5141 1
316 0 FT944-1831 1
316 0 FT944-2037 1
316 0 FT944-2863 1
316 0 FT944-8467 1
317 0 FT921-10479 1
317 0 FT934-10265 1
318 0 FT911-5220 1
318 0 FT921-12581 1
318 0 FT921-1903 1
318 0 FT922-11834 1
318 0 FT922-13404 1
318 0 FT922-3016 1
318 0 FT922-5464 1
318 0 FT922-7670 1
318 0 FT923-10429 1
318 0 FT923-14097 1
318 0 FT923-2191 1
318 0 FT923-9999 1
318 0 FT924-11391 1
318 0 FT924-15605 1
318 0 FT924-7967 1
318 0 FT932-16750 1
318 0 FT932-2181 1
318 0 FT932-3676 1
318 0 FT932-4864 1
318 0 FT932-8986 1
318 0 FT933-1024 1
318 0 FT933-15037 1
318 0 FT933-3840 1
318 0 FT933-4664 1
318 0 FT934-15723 1
318 0 FT934-5817 1
318 0 FT941-12478 1
318 0 FT941-4188 1
318 0 FT941-5494 1
318 0 FT941-6472 1
318 0 FT942-3993 1
318 0 FT942-5993 1
318 0 FT942-6017 1
318 0 FT942-6650 1
318 0 FT942-6842 1
318 0 FT943-13469 1
318 0 FT943-2628 1
318 0 FT943-5412 1
318 0 FT943-789 1
318 0 FT943-808 1
318 0 FT943-8974 1
318 0 FT944-11442 1
318 0 FT944-17211 1
318 0 FT944-17215 1
318 0 FT944-18093 1
319 0 FT922-5738 1
319 0 FT922-6286 1
319 0 FT922-8300 1
319 0 FT922-8309 1
319 0 FT923-10246 1
319 0 FT923-13223 1
319 0 FT923-1836 1
319 0 FT923-24 1
319 0 FT923-6171 1
319 0 FT924-10155 1
319 0 FT924-13436 1
319 0 FT924-4010 1
319 0 FT924-4011 1
319 0 FT924-7244 1
319 0 FT931-1027 1
319 0 FT931-12014 1
319 0 FT931-15783 1
319 0 FT931-3043 1
319 0 FT931-3045 1
319 0 FT931-450 1
319 0 FT931-8438 1
319 0 FT932-8409 1
319 0 FT933-10243 1
319 0 FT933-10633 1
319 0 FT933-15563 1
319 0 FT933-3194 1
319 0 FT933-4412 1
319 0 FT933-9175 1
319 0 FT934-2199 1
319 0 FT934-3335 1
319 0 FT934-3768 1
319 0 FT934-3774 1
319 0 FT934-5187 1
319 0 FT934-8554 1
319 0 FT941-15567 1
319 0 FT941-15570 1
319 0 FT941-4900 1
319 0 FT942-1388 1
319 0 FT942-14587 1
319 0 FT942-15407 1
319 0 FT942-15763 1
319 0 FT942-17261 1
319 0 FT942-9714 1
319 0 FT943-7475 1
319 0 FT944-16550 1
319 0 FT944-3036 1
319 0 FT944-3280 1
319 0 FT944-4039 1
319 0 FT944-8186 1
319 0 FT944-8199 1
320 0 FT922-7917 1
320 0 FT941-7241 1
320 0 FT944-1987 1
320 0 FT944-2198 1
321 0 FT911-1344 1
321 0 FT911-3409 1
321 0 FT921-11087 1
321 0 FT921-13776 1
321 0 FT921-5917 1
321 0 FT921-610 1
321 0 FT921-6117 1
321 0 FT921-74 1
321 0 FT921-7786 1
321 0 FT921-937 1
321 0 FT922-11018 1
321 0 FT922-13263 1
321 0 FT922-13330 1
321 0 FT922-13353 1
321 0 FT922-13529 1
321 0 FT922-14827 1
321 0 FT922-190 1
321 0 FT922-52 1
321 0 FT923-11471 1
321 0 FT923-13121 1
321 0 FT923-13695 1
321 0 FT923-13871 1
321 0 FT923-14768 1
321 0 FT923-2405 1
321 0 FT923-3306 1
321 0 FT923-8385 1
321 0 FT923-9194 1
321 0 FT923-9347 1
321 0 FT924-10000 1
321 0 FT924-12439 1
321 0 FT924-13317 1
321 0 FT924-13320 1
321 0 FT924-16066 1
321 0 FT924-4780 1
321 0 FT924-9474 1
321 0 FT924-9476 1
321 0 FT931-11785 1
321 0 FT931-3528 1
321 0 FT931-5898 1
321 0 FT931-8390 1
321 0 FT932-10862 1
321 0 FT932-11263 1
321 0 FT932-14709 1
321 0 FT932-17093 1
321 0 FT932-17096 1
321 0 FT932-17484 1
321 0 FT932-2815 1
321 0 FT932-3401 1
321 0 FT933-10204 1
321 0 FT933-14765 1
321 0 FT933-14771 1
321 0 FT933-16994 1
321 0 FT933-17002 1
321 0 FT933-191 1
321 0 FT933-195 1
321 0 FT933-198 1
321 0 FT933-199 1
321 0 FT933-2489 1
321 0 FT933-884 1
321 0 FT934-11493 1
321 0 FT934-12119 1
321 0 FT934-13049 1
321 0 FT934-13384 1
321 0 FT934-13512 1
321 0 FT934-13839 1
321 0 FT934-13847 1
321 0 FT934-17151 1
321 0 FT934-2566 1
321 0 FT934-2673 1
321 0 FT934-2788 1
321 0 FT934-3171 1
321 0 FT934-4288 1
321 0 FT934-4880 1
321 0 FT934-6188 1
321 0 FT934-6374 1
321 0 FT934-7054 1
321 0 FT934-7855 1
321 0 FT934-9885 1
321 0 FT934-9892 1
321 0 FT941-12395 1
321 0 FT941-15163 1
321 0 FT941-16405 1
321 0 FT941-4420 1
321 0 FT942-10228 1
321 0 FT942-132 1
321 0 FT942-13550 1
321 0 FT942-2460 1
321 0 FT942-3136 1
321 0 FT942-3152 1
321 0 FT942-3646 1
321 0 FT942-3681 1
321 0 FT942-4111 1
321 0 FT942-4410 1
321 0 FT942-5056 1
321 0 FT942-5058 1
321 0 FT942-6020 1
321 0 FT942-8724 1
321 0 FT942-9297 1
321 0 FT943-482 1
321 0 FT943-5141 1
321 0 FT943-714 1
321 0 FT944-15579 1
321 0 FT944-1611 1
321 0 FT944-17896 1
321 0 FT944-6718 1
321 0 FT944-9185 1
322 0 FT922-8392 1
322 0 FT923-9438 1
322 0 FT931-5187 1
322 0 FT931-5346 1
322 0 FT933-2068 1
322 0 FT942-1212 1
322 0 FT942-7085 1
322 0 FT943-14076 1
322 0 FT943-7186 1
323 0 FT922-1758 1
323 0 FT923-14204 1
323 0 FT923-5564 1
323 0 FT932-3344 1
323 0 FT932-8211 1
323 0 FT932-8236 1
323 0 FT932-890 1
323 0 FT932-9270 1
323 0 FT933-13471 1
323 0 FT933-14216 1
323 0 FT933-15899 1
323 0 FT933-16777 1
323 0 FT933-4042 1
323 0 FT933-554 1
323 0 FT933-6758 1
323 0 FT933-7230 1
323 0 FT933-7897 1
323 0 FT933-8118 1
323 0 FT933-9588 1
323 0 FT934-10120 1
323 0 FT934-10647 1
323 0 FT934-9810 1
323 0 FT941-14166 1
323 0 FT941-15788 1
323 0 FT941-2918 1
323 0 FT941-3200 1
323 0 FT942-15233 1
323 0 FT942-6128 1
323 0 FT943-34 1
323 0 FT943-953 1
324 0 FT911-3135 1
324 0 FT921-13397 1
324 0 FT921-1950 1
324 0 FT921-6603 1
324 0 FT921-7568 1
324 0 FT921-8241 1
324 0 FT921-8458 1
324 0 FT922-15099 1
324 0 FT922-15417 1
324 0 FT922-2323 1
324 0 FT922-3165 1
324 0 FT922-8324 1
324 0 FT922-9866 1
324 0 FT922-9916 1
324 0 FT923-11890 1
324 0 FT923-3112 1
324 0 FT923-5489 1
324 0 FT924-11025 1
324 0 FT924-12286 1
324 0 FT924-1348 1
324 0 FT924-1564 1
324 0 FT924-1687 1
324 0 FT924-86 1
324 0 FT924-929 1
324 0 FT931-15835 1
324 0 FT931-16104 1
324 0 FT931-16423 1
324 0 FT931-16617 1
324 0 FT931-722 1
324 0 FT931-932 1
324 0 FT932-10353 1
324 0 FT932-10557 1
324 0 FT932-10573 1
324 0 FT932-16710 1
324 0 FT932-17486 1
324 0 FT932-219 1
324 0 FT932-4704 1
324 0 FT932-5368 1
324 0 FT932-6225 1
324 0 FT932-6577 1
324 0 FT932-6579 1
324 0 FT932-6581 1
324 0 FT932-9729 1
324 0 FT933-10069 1
324 0 FT933-1526 1
324 0 FT933-15745 1
324 0 FT933-1721 1
324 0 FT933-2824 1
324 0 FT933-3383 1
324 0 FT933-4160 1
324 0 FT933-4696 1
324 0 FT933-4757 1
324 0 FT933-7165 1
324 0 FT933-9214 1
324 0 FT934-11440 1
324 0 FT934-11446 1
324 0 FT934-11498 1
324 0 FT934-11666 1
324 0 FT934-13429 1
324 0 FT934-13954 1
324 0 FT934-14977 1
324 0 FT934-15254 1
324 0 FT934-2085 1
324 0 FT934-3972 1
324 0 FT934-4856 1
324 0 FT941-11936 1
324 0 FT941-13429 1
324 0 FT941-17378 1
324 0 FT941-5078 1
324 0 FT941-9253 1
324 0 FT942-12805 1
324 0 FT942-14018 1
324 0 FT942-15697 1
324 0 FT942-3925 1
324 0 FT942-8521 1
324 0 FT942-8527 1
324 0 FT943-14758 1
324 0 FT943-15117 1
324 0 FT943-6372 1
324 0 FT943-7346 1
324 0 FT944-10181 1
324 0 FT944-10196 1
324 0 FT944-11847 1
324 0 FT944-12283 1
324 0 FT944-15105 1
324 0 FT944-15789 1
324 0 FT944-15849 1
324 0 FT944-4266 1
324 0 FT944-4279 1
324 0 FT944-8345 1
324 0 FT944-8731 1
324 0 FT944-9305 1
324 0 FT944-9743 1
325 0 FT934-8488 1
325 0 FT934-8636 1
325 0 FT934-8727 1
325 0 FT943-12085 1
325 0 FT944-16074 1
326 0 FT931-15025 1
326 0 FT931-5947 1
326 0 FT931-8485 1
326 0 FT934-15680 1
326 0 FT934-1954 1
326 0 FT942-12305 1
326 0 FT943-178 1
326 0 FT943-312 1
326 0 FT943-316 1
326 0 FT943-3240 1
326 0 FT943-535 1
326 0 FT943-536 1
326 0 FT943-543 1
326 0 FT944-10102 1
326 0 FT944-10109 1
326 0 FT944-10138 1
326 0 FT944-10352 1
326 0 FT944-10853 1
326 0 FT944-11013 1
326 0 FT944-11048 1
326 0 FT944-12707 1
326 0 FT944-12822 1
326 0 FT944-15057 1
326 0 FT944-15143 1
326 0 FT944-15406 1
326 0 FT944-15661 1
326 0 FT944-1600 1
326 0 FT944-1624 1
326 0 FT944-166 1
326 0 FT944-17680 1
326 0 FT944-17957 1
326 0 FT944-18204 1
326 0 FT944-18499 1
326 0 FT944-18508 1
326 0 FT944-18592 1
326 0 FT944-18722 1
326 0 FT944-18875 1
326 0 FT944-18938 1
326 0 FT944-2383 1
326 0 FT944-2545 1
326 0 FT944-3635 1
326 0 FT944-5084 1
326 0 FT944-5248 1
326 0 FT944-6974 1
326 0 FT944-8203 1
327 0 FT924-1107 1
327 0 FT931-1883 1
327 0 FT931-5001 1
327 0 FT932-4843 1
328 0 FT922-7713 1
328 0 FT941-11155 1
328 0 FT942-10572 1
328 0 FT944-730 1
329 0 FT921-15373 1
329 0 FT921-15471 1
329 0 FT921-15760 1
329 0 FT921-2131 1
329 0 FT921-2803 1
329 0 FT921-2827 1
329 0 FT921-5619 1
329 0 FT921-7845 1
329 0 FT921-9159 1
329 0 FT921-961 1
329 0 FT922-10786 1
329 0 FT922-14197 1
329 0 FT922-4816 1
329 0 FT922-5739 1
329 0 FT924-12497 1
329 0 FT933-770 1
329 0 FT934-1789 1
329 0 FT934-3071 1
329 0 FT942-13005 1
329 0 FT942-9329 1
329 0 FT943-12414 1
329 0 FT944-15159 1
330 0 FT911-4360 1
330 0 FT921-12078 1
330 0 FT922-5202 1
330 0 FT923-10879 1
330 0 FT923-11061 1
330 0 FT931-10617 1
330 0 FT931-15236 1
330 0 FT931-3945 1
330 0 FT931-563 1
330 0 FT931-8526 1
330 0 FT932-681 1
330 0 FT933-17017 1
330 0 FT934-5250 1
331 0 FT911-1690 1
331 0 FT911-2297 1
331 0 FT911-2300 1
331 0 FT911-2420 1
331 0 FT911-2421 1
331 0 FT911-2650 1
331 0 FT911-2760 1
331 0 FT911-3103 1
331 0 FT911-336 1
331 0 FT911-4312 1
331 0 FT911-697 1
331 0 FT921-10164 1
331 0 FT921-14304 1
331 0 FT921-9822 1
331 0 FT922-10556 1
331 0 FT922-10688 1
331 0 FT922-10787 1
331 0 FT922-11169 1
331 0 FT922-11696 1
331 0 FT922-12721 1
331 0 FT922-13326 1
331 0 FT922-1568 1
331 0 FT922-1818 1
331 0 FT922-5621 1
331 0 FT922-6982 1
331 0 FT922-8533 1
331 0 FT922-8860 1
331 0 FT922-8871 1
331 0 FT922-8910 1
331 0 FT922-9228 1
331 0 FT922-9633 1
331 0 FT922-9854 1
331 0 FT923-1005 1
331 0 FT923-14 1
331 0 FT923-7979 1
331 0 FT924-11274 1
331 0 FT924-11314 1
331 0 FT924-11505 1
331 0 FT924-12201 1
331 0 FT924-13797 1
331 0 FT924-15063 1
331 0 FT924-15993 1
331 0 FT924-16020 1
331 0 FT924-16122 1
331 0 FT924-1939 1
331 0 FT924-2294 1
331 0 FT924-5815 1
331 0 FT924-6216 1
331 0 FT924-880 1
331 0 FT931-10358 1
331 0 FT931-1205 1
331 0 FT931-1880 1
331 0 FT931-266 1
331 0 FT931-4098 1
331 0 FT931-532 1
331 0 FT931-586 1
331 0 FT932-10997 1
331 0 FT932-11089 1
331 0 FT932-11094 1
331 0 FT932-12217 1
331 0 FT932-12310 1
331 0 FT932-12315 1
331 0 FT932-12320 1
331 0 FT932-12322 1
331 0 FT932-12865 1
331 0 FT932-14 1
331 0 FT932-14432 1
331 0 FT932-14503 1
331 0 FT932-14725 1
331 0 FT932-15087 1
331 0 FT932-1558 1
331 0 FT932-217 1
331 0 FT932-2872 1
331 0 FT932-4797 1
331 0 FT932-5791 1
331 0 FT932-597 1
331 0 FT932-7317 1
331 0 FT932-8817 1
331 0 FT933-10454 1
331 0 FT933-1206 1
331 0 FT933-1209 1
331 0 FT933-13320 1
331 0 FT933-14057 1
331 0 FT933-1422 1
331 0 FT933-14225 1
331 0 FT933-14484 1
331 0 FT933-14581 1
331 0 FT933-14802 1
331 0 FT933-14805 1
331 0 FT933-14976 1
331 0 FT933-16118 1
331 0 FT933-1653 1
331 0 FT933-16766 1
331 0 FT933-1893 1
331 0 FT933-1897 1
331 0 FT933-2306 1
331 0 FT933-253 1
331 0 FT933-254 1
331 0 FT933-2674 1
331 0 FT933-3195 1
331 0 FT933-4843 1
331 0 FT933-5770 1
331 0 FT933-5902 1
331 0 FT933-6337 1
331 0 FT933-6467 1
331 0 FT933-673 1
331 0 FT933-7821 1
331 0 FT933-7879 1
331 0 FT933-841 1
331 0 FT933-8483 1
331 0 FT933-936 1
331 0 FT933-939 1
331 0 FT934-10509 1
331 0 FT934-14995 1
331 0 FT934-16727 1
331 0 FT934-16979 1
331 0 FT934-2297 1
331 0 FT934-2627 1
331 0 FT934-8008 1
331 0 FT934-8629 1
331 0 FT941-16965 1
331 0 FT941-2246 1
331 0 FT941-2257 1
331 0 FT941-3288 1
331 0 FT941-3543 1
331 0 FT941-9070 1
331 0 FT942-11886 1
331 0 FT942-11934 1
331 0 FT942-13078 1
331 0 FT942-13342 1
331 0 FT942-13529 1
331 0 FT942-13719 1
331 0 FT942-14986 1
331 0 FT942-15634 1
331 0 FT942-16426 1
331 0 FT942-2017 1
331 0 FT942-2406 1
331 0 FT942-4421 1
331 0 FT942-701 1
331 0 FT943-1109 1
331 0 FT943-1160 1
331 0 FT943-1213 1
331 0 FT943-12141 1
331 0 FT943-12144 1
331 0 FT943-12275 1
331 0 FT943-12701 1
331 0 FT943-13034 1
331 0 FT943-13329 1
331 0 FT943-13404 1
331 0 FT943-13806 1
331 0 FT943-14251 1
331 0 FT943-14338 1
331 0 FT943-15585 1
331 0 FT943-15939 1
331 0 FT943-16263 1
331 0 FT943-1696 1
331 0 FT943-196 1
331 0 FT943-2063 1
331 0 FT943-21 1
331 0 FT943-2142 1
331 0 FT943-273 1
331 0 FT943-274 1
331 0 FT943-3011 1
331 0 FT943-4009 1
331 0 FT943-4630 1
331 0 FT943-5977 1
331 0 FT943-61 1
331 0 FT943-6170 1
331 0 FT943-8738 1
331 0 FT943-8861 1
331 0 FT944-10560 1
331 0 FT944-10647 1
331 0 FT944-13306 1
331 0 FT944-14571 1
331 0 FT944-15765 1
331 0 FT944-17165 1
331 0 FT944-17560 1
331 0 FT944-18186 1
331 0 FT944-18187 1
331 0 FT944-18188 1
331 0 FT944-18599 1
331 0 FT944-18606 1
331 0 FT944-18684 1
331 0 FT944-8105 1
332 0 FT922-1125 1
332 0 FT922-12835 1
332 0 FT922-13597 1
332 0 FT922-13715 1
332 0 FT922-5966 1
332 0 FT924-7778 1
332 0 FT931-4882 1
332 0 FT931-8545 1
332 0 FT933-6263 1
332 0 FT934-13364 1
332 0 FT941-3576 1
332 0 FT942-8311 1
332 0 FT943-3312 1
332 0 FT944-4817 1
332 0 FT944-8968 1
333 0 FT922-12251 1
333 0 FT922-7419 1
333 0 FT922-7537 1
333 0 FT923-14971 1
333 0 FT924-5307 1
333 0 FT931-10954 1
333 0 FT932-13227 1
333 0 FT933-5254 1
333 0 FT933-7438 1
333 0 FT941-139 1
333 0 FT941-3180 1
333 0 FT941-9662 1
333 0 FT941-9667 1
333 0 FT942-151 1
333 0 FT942-6645 1
333 0 FT942-7603 1
333 0 FT943-677 1
333 0 FT944-10375 1
333 0 FT944-18645 1
334 0 FT933-10240 1
334 0 FT941-3295 1
334 0 FT941-6108 1
334 0 FT942-16368 1
334 0 FT943-12981 1
334 0 FT943-5307 1
335 0 FT933-7911 1
335 0 FT943-5556 1
337 0 FT921-14261 1
337 0 FT921-14291 1
337 0 FT921-3006 1
337 0 FT922-15340 1
337 0 FT923-12060 1
337 0 FT923-473 1
337 0 FT924-12429 1
337 0 FT924-12435 1
337 0 FT931-7060 1
337 0 FT932-13552 1
337 0 FT933-12480 1
337 0 FT933-13035 1
337 0 FT933-13510 1
337 0 FT933-16579 1
337 0 FT934-10390 1
337 0 FT934-10545 1
337 0 FT934-3850 1
337 0 FT934-8374 1
337 0 FT941-13425 1
337 0 FT941-1617 1
337 0 FT941-16660 1
337 0 FT941-16700 1
337 0 FT941-1738 1
337 0 FT941-3421 1
337 0 FT941-3993 1
337 0 FT941-4655 1
337 0 FT941-7782 1
337 0 FT942-13427 1
337 0 FT943-11475 1
337 0 FT943-11551 1
337 0 FT943-12794 1
337 0 FT943-13305 1
337 0 FT943-13520 1
337 0 FT944-10864 1
337 0 FT944-13100 1
337 0 FT944-13188 1
337 0 FT944-15478 1
337 0 FT944-16464 1
337 0 FT944-3523 1
338 0 FT941-11009 1
338 0 FT941-16918 1
339 0 FT922-1565 1
339 0 FT922-715 1
339 0 FT924-8306 1
339 0 FT931-2434 1
339 0 FT933-3956 1
339 0 FT934-3850 1
340 0 FT911-4620 1
340 0 FT911-4871 1
340 0 FT921-206 1
340 0 FT921-6898 1
340 0 FT922-14360 1
340 0 FT922-4106 1
340 0 FT924-14248 1
340 0 FT931-6705 1
340 0 FT932-11143 1
340 0 FT932-13820 1
340 0 FT933-5498 1
340 0 FT933-919 1
340 0 FT941-17378 1
340 0 FT941-3255 1
340 0 FT941-4196 1
340 0 FT941-5608 1
340 0 FT941-6884 1
340 0 FT942-14018 1
340 0 FT942-7561 1
340 0 FT943-1029 1
340 0 FT943-1036 1
340 0 FT943-11670 1
340 0 FT943-13670 1
340 0 FT943-9994 1
340 0 FT944-9104 1
341 0 FT922-10112 1
341 0 FT922-7222 1
341 0 FT923-11549 1
341 0 FT924-15439 1
341 0 FT931-6812 1
341 0 FT934-2525 1
341 0 FT941-4158 1
341 0 FT941-4175 1
341 0 FT941-4211 1
341 0 FT941-4724 1
341 0 FT941-9472 1
341 0 FT942-14364 1
341 0 FT942-16387 1
341 0 FT942-6193 1
341 0 FT943-1969 1
341 0 FT943-5328 1
343 0 FT911-1126 1
343 0 FT911-1284 1
343 0 FT911-581 1
343 0 FT911-667 1
343 0 FT921-10289 1
343 0 FT921-10393 1
343 0 FT921-10562 1
343 0 FT921-16091 1
343 0 FT921-9517 1
343 0 FT921-9615 1
343 0 FT921-9741 1
343 0 FT921-9932 1
343 0 FT922-2975 1
343 0 FT922-3192 1
343 0 FT922-4037 1
343 0 FT922-4313 1
343 0 FT922-8941 1
343 0 FT923-10363 1
343 0 FT923-11889 1
343 0 FT923-13808 1
343 0 FT923-14005 1
343 0 FT923-6228 1
343 0 FT923-7533 1
343 0 FT924-1460 1
343 0 FT924-15889 1
343 0 FT924-2142 1
343 0 FT924-3516 1
343 0 FT924-8947 1
343 0 FT924-9771 1
343 0 FT931-1888 1
343 0 FT931-2963 1
343 0 FT931-298 1
343 0 FT931-4450 1
343 0 FT931-564 1
343 0 FT931-9351 1
343 0 FT931-9934 1
343 0 FT932-10145 1
343 0 FT932-10352 1
343 0 FT932-11110 1
343 0 FT932-13807 1
343 0 FT932-4848 1
343 0 FT932-7328 1
343 0 FT932-9906 1
343 0 FT933-11091 1
343 0 FT933-11093 1
343 0 FT933-15573 1
343 0 FT933-15681 1
343 0 FT933-2803 1
343 0 FT934-10749 1
343 0 FT934-13101 1
343 0 FT934-13141 1
343 0 FT934-13650 1
343 0 FT934-1370 1
343 0 FT934-5546 1
343 0 FT934-5747 1
343 0 FT934-8884 1
343 0 FT941-10127 1
343 0 FT941-10378 1
343 0 FT941-14564 1
343 0 FT941-15430 1
343 0 FT941-16712 1
343 0 FT941-2313 1
343 0 FT941-8808 1
343 0 FT941-8815 1
343 0 FT941-9663 1
343 0 FT942-16266 1
343 0 FT942-5757 1
343 0 FT942-9066 1
343 0 FT943-10095 1
343 0 FT943-4039 1
343 0 FT943-9929 1
343 0 FT944-12354 1
343 0 FT944-17947 1
343 0 FT944-6376 1
343 0 FT944-725 1
343 0 FT944-7354 1
343 0 FT944-8596 1
344 0 FT922-1463 1
344 0 FT941-6854 1
344 0 FT942-12165 1
345 0 FT911-1006 1
345 0 FT911-4694 1
345 0 FT921-10767 1
345 0 FT921-11387 1
345 0 FT921-11612 1
345 0 FT921-16023 1
345 0 FT922-123 1
345 0 FT922-5785 1
345 0 FT923-4661 1
345 0 FT924-10784 1
345 0 FT924-9649 1
345 0 FT931-12632 1
345 0 FT931-16417 1
345 0 FT931-4364 1
345 0 FT932-116 1
345 0 FT932-11887 1
345 0 FT932-13912 1
345 0 FT933-608 1
345 0 FT934-12281 1
345 0 FT934-13045 1
345 0 FT934-15352 1
345 0 FT934-2629 1
345 0 FT934-5874 1
345 0 FT941-17680 1
345 0 FT942-13859 1
345 0 FT942-14179 1
345 0 FT942-14426 1
345 0 FT942-2078 1
345 0 FT942-2081 1
345 0 FT943-11789 1
345 0 FT943-12012 1
345 0 FT943-14694 1
345 0 FT944-15211 1
345 0 FT944-9537 1
346 0 FT911-1893 1
346 0 FT911-2030 1
346 0 FT911-2266 1
346 0 FT911-3230 1
346 0 FT911-5058 1
346 0 FT911-788 1
346 0 FT921-13008 1
346 0 FT921-13152 1
346 0 FT921-15550 1
346 0 FT921-16055 1
346 0 FT921-4473 1
346 0 FT921-5773 1
346 0 FT922-5407 1
346 0 FT922-6600 1
346 0 FT924-221 1
346 0 FT931-10293 1
346 0 FT931-11079 1
346 0 FT931-12506 1
346 0 FT931-14358 1
346 0 FT931-2151 1
346 0 FT932-10756 1
346 0 FT932-12899 1
346 0 FT932-14272 1
346 0 FT932-14490 1
346 0 FT932-14842 1
346 0 FT932-15488 1
346 0 FT932-15930 1
346 0 FT932-16036 1
346 0 FT932-16392 1
346 0 FT932-17126 1
346 0 FT932-2528 1
346 0 FT932-4777 1
346 0 FT932-4784 1
346 0 FT932-4786 1
346 0 FT932-5136 1
346 0 FT932-5509 1
346 0 FT932-5529 1
346 0 FT932-5838 1
346 0 FT932-6212 1
346 0 FT932-6486 1
346 0 FT932-6738 1
346 0 FT932-9552 1
346 0 FT932-9847 1
346 0 FT933-10503 1
346 0 FT933-10649 1
346 0 FT933-10701 1
346 0 FT933-10743 1
346 0 FT933-10846 1
346 0 FT933-11265 1
346 0 FT933-3212 1
346 0 FT933-453 1
346 0 FT934-12112 1
346 0 FT934-13348 1
346 0 FT934-14058 1
346 0 FT934-2210 1
346 0 FT934-2221 1
346 0 FT934-3966 1
346 0 FT934-8373 1
346 0 FT941-10306 1
346 0 FT941-14761 1
346 0 FT941-14763 1
346 0 FT941-16721 1
346 0 FT941-16870 1
346 0 FT941-16924 1
346 0 FT941-17072 1
346 0 FT941-17151 1
346 0 FT941-17152 1
346 0 FT941-17193 1
346 0 FT941-17525 1
346 0 FT942-10568 1
346 0 FT942-10649 1
346 0 FT942-1411 1
346 0 FT942-14900 1
346 0 FT942-17431 1
346 0 FT942-208 1
346 0 FT942-4832 1
346 0 FT943-13796 1
346 0 FT943-16828 1
346 0 FT943-3204 1
346 0 FT943-4850 1
346 0 FT943-5023 1
346 0 FT943-5027 1
346 0 FT943-5082 1
346 0 FT943-5120 1
346 0 FT943-8450 1
346 0 FT944-10257 1
346 0 FT944-10306 1
346 0 FT944-10308 1
346 0 FT944-14394 1
346 0 FT944-16265 1
346 0 FT944-16266 1
346 0 FT944-16270 1
346 0 FT944-8046 1
347 0 FT911-1147 1
347 0 FT921-12052 1
347 0 FT921-2048 1
347 0 FT921-3082 1
347 0 FT921-3331 1
347 0 FT921-6098 1
347 0 FT922-4886 1
347 0 FT922-5484 1
347 0 FT923-1580 1
347 0 FT923-3386 1
347 0 FT924-1286 1
347 0 FT931-16104 1
347 0 FT931-3233 1
347 0 FT931-6078 1
347 0 FT931-8048 1
347 0 FT931-8634 1
347 0 FT931-8804 1
347 0 FT932-16493 1
347 0 FT932-7459 1
347 0 FT933-2396 1
347 0 FT933-4692 1
347 0 FT933-5757 1
347 0 FT933-6233 1
347 0 FT933-7330 1
347 0 FT933-9176 1
347 0 FT933-9732 1
347 0 FT934-12959 1
347 0 FT934-15721 1
347 0 FT941-11860 1
347 0 FT941-2746 1
347 0 FT941-5449 1
347 0 FT941-5453 1
347 0 FT941-5493 1
347 0 FT942-15410 1
347 0 FT942-16221 1
347 0 FT942-17238 1
347 0 FT942-17525 1
347 0 FT942-6143 1
347 0 FT942-6763 1
347 0 FT943-1306 1
347 0 FT943-13804 1
347 0 FT943-16132 1
347 0 FT943-696 1
347 0 FT943-8480 1
347 0 FT943-9645 1
347 0 FT944-11443 1
347 0 FT944-13811 1
347 0 FT944-16748 1
347 0 FT944-3409 1
347 0 FT944-8277 1
348 0 FT922-4205 1
348 0 FT944-3904 1
349 0 FT921-13251 1
349 0 FT923-10650 1
349 0 FT923-15713 1
349 0 FT923-9012 1
349 0 FT923-9041 1
349 0 FT924-10901 1
349 0 FT924-15657 1
349 0 FT931-2736 1
349 0 FT932-16747 1
349 0 FT932-7262 1
349 0 FT933-6475 1
349 0 FT934-704 1
349 0 FT943-7796 1
350 0 FT921-10581 1
350 0 FT921-11676 1
350 0 FT921-11926 1
350 0 FT921-12737 1
350 0 FT921-12910 1
350 0 FT921-14780 1
350 0 FT923-11262 1
350 0 FT923-1719 1
350 0 FT923-4291 1
350 0 FT924-15322 1
350 0 FT924-5774 1
350 0 FT924-5983 1
350 0 FT924-6634 1
350 0 FT932-12233 1
350 0 FT932-14135 1
350 0 FT932-451 1
350 0 FT932-531 1
350 0 FT932-8474 1
350 0 FT933-10020 1
350 0 FT933-12004 1
350 0 FT933-14778 1
350 0 FT933-1948 1
350 0 FT934-10688 1
350 0 FT934-11654 1
350 0 FT934-11789 1
350 0 FT934-11852 1
350 0 FT934-16045 1
350 0 FT941-16077 1
350 0 FT941-429 1
350 0 FT941-7300 1
350 0 FT941-7564 1
350 0 FT942-9881 1
350 0 FT943-4711 1
350 0 FT943-5077 1
350 0 FT943-8342 1
350 0 FT944-13668 1
350 0 FT944-9163 1
351 0 FT921-2097 1
351 0 FT921-6272 1
351 0 FT921-6603 1
351 0 FT921-8458 1
351 0 FT922-14936 1
351 0 FT922-15099 1
351 0 FT922-3165 1
351 0 FT922-8324 1
351 0 FT923-11890 1
351 0 FT923-1456 1
351 0 FT924-1564 1
351 0 FT931-10913 1
351 0 FT931-16617 1
351 0 FT931-932 1
351 0 FT932-16710 1
351 0 FT932-6577 1
351 0 FT934-13429 1
351 0 FT934-13954 1
351 0 FT934-4629 1
351 0 FT934-4848 1
351 0 FT934-4856 1
351 0 FT941-13429 1
351 0 FT941-7250 1
351 0 FT941-9999 1
351 0 FT942-12805 1
351 0 FT943-14758 1
351 0 FT943-15117 1
351 0 FT944-15849 1
352 0 FT911-1868 1
352 0 FT911-808 1
352 0 FT921-10141 1
352 0 FT921-10270 1
352 0 FT921-11074 1
352 0 FT921-11178 1
352 0 FT921-11914 1
352 0 FT921-11919 1
352 0 FT921-12154 1
352 0 FT921-12916 1
352 0 FT921-13182 1
352 0 FT921-14992 1
352 0 FT921-15356 1
352 0 FT921-15484 1
352 0 FT921-15548 1
352 0 FT921-15558 1
352 0 FT921-2350 1
352 0 FT921-3797 1
352 0 FT921-5829 1
352 0 FT921-9248 1
352 0 FT921-9755 1
352 0 FT922-10110 1
352 0 FT922-10403 1
352 0 FT922-14746 1
352 0 FT922-2276 1
352 0 FT922-2763 1
352 0 FT922-339 1
352 0 FT922-3705 1
352 0 FT922-394 1
352 0 FT922-5596 1
352 0 FT922-6619 1
352 0 FT922-6620 1
352 0 FT922-7074 1
352 0 FT922-7220 1
352 0 FT922-7225 1
352 0 FT922-7782 1
352 0 FT923-10233 1
352 0 FT923-10866 1
352 0 FT923-12590 1
352 0 FT923-14312 1
352 0 FT923-2206 1
352 0 FT923-4957 1
352 0 FT923-5387 1
352 0 FT923-5453 1
352 0 FT923-7994 1
352 0 FT923-8040 1
352 0 FT923-8173 1
352 0 FT923-8797 1
352 0 FT923-9565 1
352 0 FT923-9878 1
352 0 FT924-10860 1
352 0 FT924-10994 1
352 0 FT924-13639 1
352 0 FT924-2683 1
352 0 FT924-3620 1
352 0 FT924-4987 1
352 0 FT924-6864 1
352 0 FT931-10590 1
352 0 FT931-12217 1
352 0 FT931-1294 1
352 0 FT931-1346 1
352 0 FT931-163 1
352 0 FT931-16734 1
352 0 FT931-16886 1
352 0 FT931-17141 1
352 0 FT931-1800 1
352 0 FT931-1908 1
352 0 FT931-2366 1
352 0 FT931-2503 1
352 0 FT931-2521 1
352 0 FT931-2788 1
352 0 FT931-3042 1
352 0 FT931-3052 1
352 0 FT931-3190 1
352 0 FT931-3204 1
352 0 FT931-5405 1
352 0 FT931-5864 1
352 0 FT931-608 1
352 0 FT931-844 1
352 0 FT932-14368 1
352 0 FT932-16501 1
352 0 FT932-5319 1
352 0 FT932-6283 1
352 0 FT932-7538 1
352 0 FT932-8525 1
352 0 FT933-12399 1
352 0 FT933-1606 1
352 0 FT933-1625 1
352 0 FT933-5241 1
352 0 FT933-6920 1
352 0 FT933-7436 1
352 0 FT933-846 1
352 0 FT934-10042 1
352 0 FT934-11055 1
352 0 FT934-11251 1
352 0 FT934-11477 1
352 0 FT934-11803 1
352 0 FT934-11847 1
352 0 FT934-14945 1
352 0 FT934-14968 1
352 0 FT934-15041 1
352 0 FT934-15321 1
352 0 FT934-15414 1
352 0 FT934-15450 1
352 0 FT934-16621 1
352 0 FT934-16627 1
352 0 FT934-17237 1
352 0 FT934-2741 1
352 0 FT934-2873 1
352 0 FT934-3036 1
352 0 FT934-4483 1
352 0 FT934-5058 1
352 0 FT934-5462 1
352 0 FT934-7357 1
352 0 FT934-8415 1
352 0 FT934-9695 1
352 0 FT934-9854 1
352 0 FT941-10270 1
352 0 FT941-12378 1
352 0 FT941-12432 1
352 0 FT941-12567 1
352 0 FT941-12575 1
352 0 FT941-12879 1
352 0 FT941-13369 1
352 0 FT941-13589 1
352 0 FT941-13657 1
352 0 FT941-13697 1
352 0 FT941-14528 1
352 0 FT941-14915 1
352 0 FT941-15159 1
352 0 FT941-15249 1
352 0 FT941-15999 1
352 0 FT941-16017 1
352 0 FT941-16121 1
352 0 FT941-16172 1
352 0 FT941-16299 1
352 0 FT941-16570 1
352 0 FT941-17538 1
352 0 FT941-3836 1
352 0 FT941-4219 1
352 0 FT941-4423 1
352 0 FT941-5434 1
352 0 FT941-5893 1
352 0 FT941-7322 1
352 0 FT941-9475 1
352 0 FT942-10628 1
352 0 FT942-10959 1
352 0 FT942-11058 1
352 0 FT942-11108 1
352 0 FT942-11109 1
352 0 FT942-11110 1
352 0 FT942-11112 1
352 0 FT942-11113 1
352 0 FT942-11115 1
352 0 FT942-11118 1
352 0 FT942-11120 1
352 0 FT942-11125 1
352 0 FT942-11130 1
352 0 FT942-11137 1
352 0 FT942-11138 1
352 0 FT942-11141 1
352 0 FT942-11261 1
352 0 FT942-11412 1
352 0 FT942-11830 1
352 0 FT942-11842 1
352 0 FT942-12510 1
352 0 FT942-12765 1
352 0 FT942-12999 1
352 0 FT942-13294 1
352 0 FT942-13517 1
352 0 FT942-14272 1
352 0 FT942-14958 1
352 0 FT942-15713 1
352 0 FT942-16672 1
352 0 FT942-16673 1
352 0 FT942-16674 1
352 0 FT942-16675 1
352 0 FT942-16677 1
352 0 FT942-16678 1
352 0 FT942-16679 1
352 0 FT942-16680 1
352 0 FT942-17628 1
352 0 FT942-17649 1
352 0 FT942-2548 1
352 0 FT942-2867 1
352 0 FT942-2873 1
352 0 FT942-3127 1
352 0 FT942-3303 1
352 0 FT942-3907 1
352 0 FT942-4123 1
352 0 FT942-4355 1
352 0 FT942-4360 1
352 0 FT942-4981 1
352 0 FT942-6533 1
352 0 FT942-6682 1
352 0 FT942-6834 1
352 0 FT942-6839 1
352 0 FT942-6840 1
352 0 FT942-6954 1
352 0 FT942-8510 1
352 0 FT942-8756 1
352 0 FT942-9309 1
352 0 FT942-9456 1
352 0 FT942-975 1
352 0 FT943-15416 1
352 0 FT943-15442 1
352 0 FT943-1566 1
352 0 FT943-15892 1
352 0 FT943-16032 1
352 0 FT943-1620 1
352 0 FT943-16808 1
352 0 FT943-1971 1
352 0 FT943-1972 1
352 0 FT943-2128 1
352 0 FT943-3911 1
352 0 FT943-4433 1
352 0 FT943-6004 1
352 0 FT943-787 1
352 0 FT943-9682 1
352 0 FT944-10532 1
352 0 FT944-11236 1
352 0 FT944-12037 1
352 0 FT944-15589 1
352 0 FT944-18633 1
352 0 FT944-18892 1
352 0 FT944-1983 1
352 0 FT944-2194 1
352 0 FT944-4000 1
352 0 FT944-4064 1
352 0 FT944-4743 1
352 0 FT944-5666 1
352 0 FT944-6436 1
352 0 FT944-6437 1
352 0 FT944-6616 1
352 0 FT944-7516 1
352 0 FT944-8314 1
352 0 FT944-8462 1
352 0 FT944-8807 1
352 0 FT944-9034 1
353 0 FT911-122 1
353 0 FT911-1769 1
353 0 FT911-2315 1
353 0 FT911-2534 1
353 0 FT911-2897 1
353 0 FT911-4151 1
353 0 FT911-4261 1
353 0 FT911-4348 1
353 0 FT911-4349 1
353 0 FT911-558 1
353 0 FT921-10517 1
353 0 FT921-10884 1
353 0 FT921-15469 1
353 0 FT921-8446 1
353 0 FT922-12600 1
353 0 FT922-14119 1
353 0 FT922-260 1
353 0 FT922-348 1
353 0 FT922-5107 1
353 0 FT922-70 1
353 0 FT922-8280 1
353 0 FT923-14884 1
353 0 FT924-16119 1
353 0 FT924-7120 1
353 0 FT924-8298 1
353 0 FT932-10041 1
353 0 FT932-10319 1
353 0 FT932-8288 1
353 0 FT932-9033 1
353 0 FT932-9085 1
353 0 FT932-9907 1
353 0 FT934-13553 1
353 0 FT934-14520 1
353 0 FT934-16572 1
353 0 FT941-14251 1
353 0 FT941-4654 1
353 0 FT941-8534 1
353 0 FT942-15208 1
353 0 FT942-3942 1
353 0 FT942-6763 1
353 0 FT942-6795 1
353 0 FT942-7081 1
353 0 FT942-7352 1
353 0 FT942-7616 1
353 0 FT942-7617 1
353 0 FT942-7979 1
353 0 FT942-9491 1
353 0 FT943-204 1
353 0 FT943-4590 1
354 0 FT911-1288 1
354 0 FT911-1702 1
354 0 FT911-1705 1
354 0 FT911-2786 1
354 0 FT911-2954 1
354 0 FT911-2977 1
354 0 FT911-429 1
354 0 FT911-4783 1
354 0 FT911-4804 1
354 0 FT921-12549 1
354 0 FT921-15862 1
354 0 FT921-15909 1
354 0 FT921-16084 1
354 0 FT922-13999 1
354 0 FT922-1990 1
354 0 FT922-2269 1
354 0 FT922-245 1
354 0 FT922-4547 1
354 0 FT922-7307 1
354 0 FT923-10886 1
354 0 FT923-147 1
354 0 FT923-1521 1
354 0 FT923-6556 1
354 0 FT923-7906 1
354 0 FT924-11500 1
354 0 FT924-13758 1
354 0 FT924-16121 1
354 0 FT924-1880 1
354 0 FT924-3233 1
354 0 FT924-9274 1
354 0 FT931-13289 1
354 0 FT931-15835 1
354 0 FT931-6695 1
354 0 FT932-14034 1
354 0 FT932-15585 1
354 0 FT932-3631 1
354 0 FT932-4057 1
354 0 FT932-4325 1
354 0 FT932-5640 1
354 0 FT932-5641 1
354 0 FT932-696 1
354 0 FT932-880 1
354 0 FT933-13741 1
354 0 FT933-13951 1
354 0 FT933-14577 1
354 0 FT933-14833 1
354 0 FT933-14985 1
354 0 FT933-4162 1
354 0 FT933-4337 1
354 0 FT933-7163 1
354 0 FT933-7302 1
354 0 FT934-10276 1
354 0 FT934-13080 1
354 0 FT934-13323 1
354 0 FT934-14151 1
354 0 FT934-15485 1
354 0 FT934-17208 1
354 0 FT934-3157 1
354 0 FT934-4118 1
354 0 FT941-12615 1
354 0 FT941-16572 1
354 0 FT941-7927 1
354 0 FT941-8052 1
354 0 FT942-12872 1
354 0 FT942-15456 1
354 0 FT942-17070 1
354 0 FT942-17464 1
354 0 FT944-12111 1
354 0 FT944-14862 1
354 0 FT944-15655 1
354 0 FT944-9887 1
355 0 FT922-9445 1
355 0 FT933-678 1
356 0 FT921-16224 1
356 0 FT921-537 1
356 0 FT921-5687 1
356 0 FT921-739 1
356 0 FT922-10577 1
356 0 FT922-10935 1
356 0 FT923-453 1
356 0 FT924-979 1
356 0 FT931-15358 1
356 0 FT932-1044 1
356 0 FT933-2354 1
356 0 FT933-8376 1
356 0 FT934-10438 1
356 0 FT934-4626 1
356 0 FT943-5755 1
357 0 FT921-1306 1
357 0 FT921-6610 1
357 0 FT921-8113 1
357 0 FT922-15099 1
357 0 FT922-3431 1
357 0 FT922-5482 1
357 0 FT922-635 1
357 0 FT922-6912 1
357 0 FT923-10880 1
357 0 FT923-11796 1
357 0 FT923-11890 1
357 0 FT923-11995 1
357 0 FT923-12271 1
357 0 FT923-12334 1
357 0 FT923-12937 1
357 0 FT923-13481 1
357 0 FT923-14233 1
357 0 FT923-1456 1
357 0 FT923-2214 1
357 0 FT923-3881 1
357 0 FT923-4500 1
357 0 FT923-5715 1
357 0 FT924-14912 1
357 0 FT924-15994 1
357 0 FT932-10353 1
357 0 FT932-10557 1
357 0 FT932-15560 1
357 0 FT932-9729 1
357 0 FT933-12671 1
357 0 FT933-13390 1
357 0 FT933-1898 1
357 0 FT933-6600 1
357 0 FT933-6954 1
357 0 FT933-9214 1
357 0 FT934-13954 1
357 0 FT934-5313 1
357 0 FT941-12953 1
357 0 FT941-12959 1
357 0 FT941-13429 1
357 0 FT941-14180 1
357 0 FT941-2301 1
357 0 FT941-8573 1
357 0 FT942-12805 1
357 0 FT942-2999 1
357 0 FT942-4603 1
357 0 FT942-9957 1
357 0 FT943-12378 1
357 0 FT943-12561 1
357 0 FT943-6372 1
357 0 FT943-6374 1
357 0 FT943-8763 1
357 0 FT944-11170 1
357 0 FT944-11244 1
357 0 FT944-11862 1
357 0 FT944-13892 1
357 0 FT944-15849 1
357 0 FT944-18712 1
357 0 FT944-6690 1
357 0 FT944-6695 1
357 0 FT944-7864 1
357 0 FT944-8867 1
357 0 FT944-9095 1
357 0 FT944-9118 1
357 0 FT944-9398 1
359 0 FT911-1517 1
359 0 FT921-6378 1
359 0 FT924-10381 1
359 0 FT924-11928 1
359 0 FT924-11933 1
359 0 FT931-10734 1
359 0 FT931-15932 1
359 0 FT931-15940 1
359 0 FT934-13114 1
359 0 FT934-1428 1
359 0 FT934-14411 1
359 0 FT934-7181 1
359 0 FT941-12632 1
359 0 FT941-15276 1
359 0 FT941-17268 1
359 0 FT942-12185 1
359 0 FT942-16499 1
359 0 FT943-11317 1
359 0 FT943-12641 1
359 0 FT943-1341 1
359 0 FT944-14599 1
359 0 FT944-14600 1
360 0 FT921-4262 1
360 0 FT923-3929 1
360 0 FT933-13608 1
360 0 FT934-12927 1
360 0 FT934-4647 1
360 0 FT942-11067 1
360 0 FT942-17001 1
360 0 FT942-2188 1
360 0 FT942-4338 1
360 0 FT942-4346 1
360 0 FT942-8531 1
360 0 FT943-2071 1
360 0 FT943-2337 1
360 0 FT943-8757 1
361 0 FT944-10931 1
362 0 FT932-4965 1
362 0 FT932-4966 1
362 0 FT932-5376 1
363 0 FT911-4885 1
363 0 FT924-13997 1
363 0 FT924-15077 1
363 0 FT941-7101 1
363 0 FT941-7105 1
363 0 FT944-4001 1
364 0 FT923-5564 1
364 0 FT944-6565 1
364 0 FT944-7827 1
365 0 FT921-10204 1
365 0 FT921-16395 1
365 0 FT922-12623 1
365 0 FT922-14235 1
365 0 FT922-5507 1
365 0 FT922-643 1
365 0 FT923-14358 1
365 0 FT924-2561 1
365 0 FT931-13401 1
365 0 FT932-14766 1
365 0 FT943-6790 1
366 0 FT921-10207 1
366 0 FT921-11880 1
366 0 FT924-4083 1
366 0 FT924-4122 1
366 0 FT931-13593 1
366 0 FT931-16592 1
366 0 FT931-16618 1
366 0 FT931-2264 1
366 0 FT932-11853 1
366 0 FT932-12335 1
366 0 FT932-3215 1
366 0 FT932-5802 1
366 0 FT932-7114 1
366 0 FT934-10056 1
366 0 FT934-7389 1
366 0 FT941-16332 1
366 0 FT941-2277 1
366 0 FT944-14646 1
366 0 FT944-7809 1
367 0 FT921-12213 1
367 0 FT923-11796 1
367 0 FT923-1266 1
367 0 FT923-5134 1
367 0 FT923-742 1
367 0 FT923-7831 1
367 0 FT923-795 1
367 0 FT923-9880 1
367 0 FT924-10039 1
367 0 FT924-15919 1
367 0 FT924-2559 1
367 0 FT924-9390 1
367 0 FT931-11839 1
367 0 FT931-13007 1
367 0 FT931-585 1
367 0 FT931-651 1
367 0 FT931-6602 1
367 0 FT931-9808 1
367 0 FT932-12593 1
367 0 FT932-2681 1
367 0 FT932-6012 1
367 0 FT933-12216 1
367 0 FT933-5667 1
367 0 FT941-11108 1
367 0 FT942-16246 1
367 0 FT942-16251 1
367 0 FT943-10440 1
367 0 FT943-11936 1
367 0 FT943-6371 1
367 0 FT943-8113 1
367 0 FT943-8122 1
367 0 FT943-8618 1
367 0 FT943-9325 1
367 0 FT943-9874 1
367 0 FT944-1847 1
367 0 FT944-2053 1
367 0 FT944-6030 1
368 0 FT931-7612 1
368 0 FT941-12431 1
368 0 FT941-15524 1
368 0 FT941-16178 1
368 0 FT941-16729 1
369 0 FT923-15636 1
370 0 FT911-2730 1
370 0 FT911-3196 1
370 0 FT911-806 1
370 0 FT911-81 1
370 0 FT921-10529 1
370 0 FT921-12017 1
370 0 FT921-13130 1
370 0 FT921-14029 1
370 0 FT921-16625 1
370 0 FT921-5262 1
370 0 FT921-5853 1
370 0 FT921-6331 1
370 0 FT921-8223 1
370 0 FT922-6074 1
370 0 FT922-6192 1
370 0 FT923-14241 1
370 0 FT923-9405 1
370 0 FT924-7739 1
370 0 FT924-8679 1
370 0 FT932-10094 1
370 0 FT933-13611 1
370 0 FT933-3459 1
370 0 FT942-15730 1
370 0 FT942-15738 1
370 0 FT942-17026 1
371 0 FT922-461 1
371 0 FT932-9008 1
372 0 FT923-10784 1
372 0 FT924-1603 1
372 0 FT924-6336 1
372 0 FT931-2855 1
372 0 FT931-5494 1
372 0 FT933-15188 1
372 0 FT933-15592 1
372 0 FT941-13912 1
372 0 FT941-15351 1
372 0 FT942-12298 1
372 0 FT942-6648 1
372 0 FT943-4776 1
372 0 FT943-6218 1
372 0 FT944-1462 1
372 0 FT944-4273 1
373 0 FT922-2528 1
373 0 FT923-4778 1
373 0 FT933-10240 1
373 0 FT933-265 1
373 0 FT933-6518 1
373 0 FT941-10834 1
373 0 FT941-3295 1
373 0 FT941-7374 1
373 0 FT942-16368 1
373 0 FT943-12969 1
373 0 FT943-12981 1
373 0 FT943-5307 1
374 0 FT911-4743 1
374 0 FT921-10516 1
374 0 FT921-1142 1
374 0 FT921-1412 1
374 0 FT921-2778 1
374 0 FT921-4099 1
374 0 FT922-10907 1
374 0 FT923-3820 1
374 0 FT923-3841 1
374 0 FT924-10680 1
374 0 FT924-11018 1
374 0 FT924-13089 1
374 0 FT924-13568 1
374 0 FT924-13697 1
374 0 FT924-14045 1
374 0 FT924-14313 1
374 0 FT924-14568 1
374 0 FT924-2721 1
374 0 FT924-8132 1
374 0 FT924-9770 1
374 0 FT931-12079 1
374 0 FT931-12568 1
374 0 FT931-8047 1
374 0 FT931-8733 1
374 0 FT932-11267 1
374 0 FT932-15619 1
374 0 FT932-2035 1
374 0 FT932-3636 1
374 0 FT932-4073 1
374 0 FT932-6495 1
374 0 FT932-7948 1
374 0 FT934-1289 1
374 0 FT934-13554 1
374 0 FT934-14244 1
374 0 FT934-14322 1
374 0 FT934-14533 1
374 0 FT934-15186 1
374 0 FT934-15250 1
374 0 FT934-15525 1
374 0 FT934-15708 1
374 0 FT934-16112 1
374 0 FT941-4029 1
374 0 FT941-8389 1
374 0 FT941-8483 1
374 0 FT941-9249 1
374 0 FT942-12130 1
374 0 FT942-3741 1
374 0 FT942-3763 1
374 0 FT942-4204 1
374 0 FT942-4663 1
374 0 FT942-7889 1
374 0 FT942-9372 1
374 0 FT943-12496 1
374 0 FT943-16711 1
374 0 FT943-16744 1
374 0 FT943-4020 1
374 0 FT943-7724 1
374 0 FT943-7778 1
374 0 FT943-8055 1
374 0 FT944-12947 1
374 0 FT944-15799 1
374 0 FT944-15883 1
374 0 FT944-16013 1
374 0 FT944-16075 1
374 0 FT944-16300 1
374 0 FT944-16527 1
374 0 FT944-16682 1
374 0 FT944-16690 1
374 0 FT944-16821 1
374 0 FT944-17053 1
374 0 FT944-3776 1
374 0 FT944-5123 1
374 0 FT944-73 1
375 0 FT921-3222 1
375 0 FT922-12935 1
375 0 FT922-8309 1
375 0 FT923-14293 1
375 0 FT923-5784 1
375 0 FT924-11887 1
375 0 FT924-13489 1
375 0 FT924-3368 1
375 0 FT924-4907 1
375 0 FT933-3423 1
375 0 FT934-2684 1
375 0 FT934-8130 1
375 0 FT944-16550 1
376 0 FT921-1976 1
376 0 FT921-209 1
376 0 FT921-2687 1
376 0 FT921-714 1
376 0 FT921-969 1
376 0 FT922-12839 1
376 0 FT922-12921 1
376 0 FT922-13478 1
376 0 FT922-13723 1
376 0 FT922-15449 1
376 0 FT922-9016 1
376 0 FT923-457 1
376 0 FT924-5806 1
376 0 FT932-11125 1
376 0 FT933-3047 1
376 0 FT933-3304 1
376 0 FT933-6769 1
376 0 FT933-6787 1
376 0 FT933-6970 1
376 0 FT933-7423 1
376 0 FT933-8682 1
376 0 FT934-7958 1
376 0 FT934-8844 1
376 0 FT941-11280 1
376 0 FT944-10888 1
376 0 FT944-11183 1
376 0 FT944-11186 1
376 0 FT944-9398 1
377 0 FT921-4016 1
377 0 FT921-6639 1
377 0 FT923-11563 1
377 0 FT924-4990 1
377 0 FT924-8332 1
377 0 FT931-2989 1
377 0 FT933-11043 1
377 0 FT934-2747 1
377 0 FT934-5107 1
377 0 FT942-10789 1
377 0 FT942-16545 1
377 0 FT942-9558 1
377 0 FT944-4231 1
377 0 FT944-6078 1
377 0 FT944-6186 1
378 0 FT911-60 1
378 0 FT921-3015 1
378 0 FT921-3452 1
378 0 FT921-4814 1
378 0 FT921-5858 1
378 0 FT921-7322 1
378 0 FT921-7997 1
378 0 FT922-11921 1
378 0 FT922-12275 1
378 0 FT922-13253 1
378 0 FT922-1590 1
378 0 FT922-2274 1
378 0 FT922-2384 1
378 0 FT922-2464 1
378 0 FT922-2742 1
378 0 FT922-3315 1
378 0 FT922-3555 1
378 0 FT922-3960 1
378 0 FT922-4025 1
378 0 FT922-4286 1
378 0 FT922-4637 1
378 0 FT922-4869 1
378 0 FT922-5760 1
378 0 FT922-6614 1
378 0 FT922-8148 1
378 0 FT922-8522 1
378 0 FT923-12651 1
378 0 FT923-13796 1
378 0 FT923-15050 1
378 0 FT923-15723 1
378 0 FT923-15728 1
378 0 FT923-1693 1
378 0 FT923-1804 1
378 0 FT923-1989 1
378 0 FT923-2077 1
378 0 FT923-2086 1
378 0 FT923-2373 1
378 0 FT923-2479 1
378 0 FT923-2977 1
378 0 FT923-3194 1
378 0 FT923-4071 1
378 0 FT923-4107 1
378 0 FT923-4347 1
378 0 FT923-501 1
378 0 FT923-5750 1
378 0 FT923-973 1
378 0 FT924-11408 1
378 0 FT924-14846 1
378 0 FT924-15540 1
378 0 FT924-2271 1
378 0 FT924-3201 1
378 0 FT924-9257 1
378 0 FT931-10786 1
378 0 FT931-17112 1
378 0 FT931-9411 1
378 0 FT932-15917 1
378 0 FT932-7894 1
378 0 FT932-8511 1
378 0 FT932-9815 1
378 0 FT933-12116 1
378 0 FT933-13974 1
378 0 FT933-14360 1
378 0 FT933-5262 1
378 0 FT933-5270 1
378 0 FT933-8639 1
378 0 FT933-9476 1
378 0 FT934-10080 1
378 0 FT934-10763 1
378 0 FT934-12986 1
378 0 FT934-7147 1
378 0 FT934-8804 1
378 0 FT941-9452 1
378 0 FT942-11599 1
378 0 FT942-11854 1
378 0 FT942-12258 1
378 0 FT942-13454 1
378 0 FT942-2610 1
378 0 FT942-4641 1
378 0 FT942-6780 1
378 0 FT942-829 1
378 0 FT942-8806 1
378 0 FT942-8809 1
378 0 FT943-1340 1
378 0 FT943-35 1
378 0 FT944-11436 1
378 0 FT944-15864 1
378 0 FT944-5295 1
378 0 FT944-6873 1
380 0 FT934-704 1
381 0 FT922-10562 1
381 0 FT922-15297 1
381 0 FT922-2333 1
381 0 FT924-8026 1
381 0 FT924-9251 1
381 0 FT942-16930 1
381 0 FT944-14416 1
382 0 FT923-14293 1
382 0 FT924-1825 1
382 0 FT932-6066 1
382 0 FT942-15407 1
382 0 FT942-15408 1
382 0 FT942-15763 1
383 0 FT911-3142 1
383 0 FT911-4557 1
383 0 FT911-4890 1
383 0 FT911-4916 1
383 0 FT911-5026 1
383 0 FT911-977 1
383 0 FT921-6828 1
383 0 FT921-8860 1
383 0 FT922-1565 1
383 0 FT922-2766 1
383 0 FT922-715 1
383 0 FT923-11708 1
383 0 FT923-5093 1
383 0 FT923-6847 1
383 0 FT924-12429 1
383 0 FT924-13606 1
383 0 FT924-1386 1
383 0 FT924-15181 1
383 0 FT924-3416 1
383 0 FT924-4826 1
383 0 FT924-8240 1
383 0 FT931-15569 1
383 0 FT931-17078 1
383 0 FT931-17091 1
383 0 FT931-2434 1
383 0 FT931-3294 1
383 0 FT931-3778 1
383 0 FT931-3854 1
383 0 FT931-7470 1
383 0 FT931-9959 1
383 0 FT932-11692 1
383 0 FT932-12624 1
383 0 FT932-13133 1
383 0 FT932-13672 1
383 0 FT932-13933 1
383 0 FT932-7262 1
383 0 FT932-792 1
383 0 FT932-9150 1
383 0 FT933-11402 1
383 0 FT933-11435 1
383 0 FT933-13035 1
383 0 FT933-13669 1
383 0 FT933-16579 1
383 0 FT933-3956 1
383 0 FT933-4868 1
383 0 FT933-9788 1
383 0 FT934-10578 1
383 0 FT934-10862 1
383 0 FT934-11102 1
383 0 FT934-13494 1
383 0 FT934-15056 1
383 0 FT934-15392 1
383 0 FT934-15831 1
383 0 FT934-15962 1
383 0 FT934-3850 1
383 0 FT934-5281 1
383 0 FT934-704 1
383 0 FT941-10250 1
383 0 FT941-11328 1
383 0 FT941-13571 1
383 0 FT941-14109 1
383 0 FT941-17554 1
383 0 FT941-5246 1
383 0 FT941-7782 1
383 0 FT942-11804 1
383 0 FT942-12109 1
383 0 FT942-13897 1
383 0 FT942-14582 1
383 0 FT942-16465 1
383 0 FT942-38 1
383 0 FT942-8823 1
383 0 FT943-12336 1
383 0 FT943-13168 1
383 0 FT943-13305 1
383 0 FT943-13504 1
383 0 FT943-13779 1
383 0 FT943-14521 1
383 0 FT943-14924 1
383 0 FT943-14926 1
383 0 FT943-1744 1
383 0 FT944-14949 1
383 0 FT944-15213 1
383 0 FT944-15268 1
383 0 FT944-18706 1
383 0 FT944-3780 1
383 0 FT944-8386 1
384 0 FT921-5383 1
384 0 FT933-5505 1
384 0 FT934-10103 1
384 0 FT943-15250 1
385 0 FT921-15508 1
385 0 FT921-1556 1
385 0 FT923-10730 1
385 0 FT923-11292 1
385 0 FT923-118 1
385 0 FT923-14293 1
385 0 FT924-2212 1
385 0 FT924-2358 1
385 0 FT924-4725 1
385 0 FT931-10650 1
385 0 FT931-12869 1
385 0 FT932-11810 1
385 0 FT933-2369 1
385 0 FT933-4197 1
385 0 FT934-17260 1
385 0 FT934-3790 1
385 0 FT934-814 1
385 0 FT941-17640 1
385 0 FT941-5576 1
385 0 FT941-7483 1
385 0 FT941-7919 1
385 0 FT942-15407 1
385 0 FT942-15408 1
385 0 FT942-15763 1
385 0 FT943-11627 1
385 0 FT943-11934 1
385 0 FT943-8478 1
385 0 FT944-14409 1
385 0 FT944-16970 1
385 0 FT944-17283 1
385 0 FT944-18127 1
385 0 FT944-18230 1
385 0 FT944-3280 1
385 0 FT944-4751 1
386 0 FT924-14456 1
386 0 FT931-795 1
386 0 FT932-7548 1
386 0 FT944-5797 1
387 0 FT921-8000 1
387 0 FT923-1836 1
387 0 FT924-10142 1
387 0 FT924-13435 1
387 0 FT934-4496 1
387 0 FT943-10163 1
387 0 FT943-10219 1
387 0 FT943-10570 1
387 0 FT943-13459 1
387 0 FT943-14601 1
387 0 FT943-6546 1
387 0 FT943-7475 1
387 0 FT944-9355 1
388 0 FT921-3332 1
388 0 FT922-9059 1
388 0 FT923-15483 1
388 0 FT932-14880 1
388 0 FT941-10541 1
388 0 FT941-11128 1
388 0 FT941-15271 1
388 0 FT941-427 1
388 0 FT941-9169 1
388 0 FT942-12147 1
388 0 FT942-12366 1
388 0 FT942-12504 1
388 0 FT942-14635 1
388 0 FT942-16489 1
388 0 FT943-15995 1
389 0 FT911-1699 1
389 0 FT921-14085 1
389 0 FT921-14321 1
389 0 FT921-3700 1
389 0 FT922-11732 1
389 0 FT922-14115 1
389 0 FT922-3304 1
389 0 FT922-3374 1
389 0 FT922-3635 1
389 0 FT922-3845 1
389 0 FT922-3977 1
389 0 FT922-4060 1
389 0 FT923-11425 1
389 0 FT923-1556 1
389 0 FT923-8931 1
389 0 FT923-9311 1
389 0 FT924-10031 1
389 0 FT924-12894 1
389 0 FT924-13643 1
389 0 FT924-14001 1
389 0 FT924-2704 1
389 0 FT924-3233 1
389 0 FT924-3852 1
389 0 FT924-6635 1
389 0 FT924-6636 1
389 0 FT924-7398 1
389 0 FT924-7403 1
389 0 FT924-7456 1
389 0 FT924-7696 1
389 0 FT924-7803 1
389 0 FT924-8109 1
389 0 FT924-8113 1
389 0 FT924-8184 1
389 0 FT924-8309 1
389 0 FT924-8471 1
389 0 FT924-8508 1
389 0 FT924-8672 1
389 0 FT924-8724 1
389 0 FT924-8727 1
389 0 FT924-8769 1
389 0 FT924-8781 1
389 0 FT924-9473 1
389 0 FT931-10812 1
389 0 FT931-10985 1
389 0 FT931-11618 1
389 0 FT931-15645 1
389 0 FT931-15835 1
389 0 FT931-2785 1
389 0 FT931-4409 1
389 0 FT931-4706 1
389 0 FT931-5762 1
389 0 FT932-11249 1
389 0 FT932-11253 1
389 0 FT932-11530 1
389 0 FT932-11786 1
389 0 FT932-11918 1
389 0 FT932-11994 1
389 0 FT932-1610 1
389 0 FT932-17390 1
389 0 FT932-17478 1
389 0 FT932-1889 1
389 0 FT932-2652 1
389 0 FT932-3086 1
389 0 FT932-466 1
389 0 FT932-5346 1
389 0 FT932-6256 1
389 0 FT932-6394 1
389 0 FT932-6714 1
389 0 FT932-675 1
389 0 FT932-7095 1
389 0 FT932-7213 1
389 0 FT932-8637 1
389 0 FT932-8644 1
389 0 FT932-8913 1
389 0 FT933-11779 1
389 0 FT933-13132 1
389 0 FT933-1393 1
389 0 FT933-2998 1
389 0 FT933-3609 1
389 0 FT933-7146 1
389 0 FT934-10468 1
389 0 FT934-10700 1
389 0 FT934-12312 1
389 0 FT934-1458 1
389 0 FT934-1514 1
389 0 FT934-15284 1
389 0 FT934-1546 1
389 0 FT934-16001 1
389 0 FT934-17405 1
389 0 FT934-1999 1
389 0 FT934-2245 1
389 0 FT934-2562 1
389 0 FT934-3450 1
389 0 FT934-4835 1
389 0 FT934-4898 1
389 0 FT934-5198 1
389 0 FT934-5712 1
389 0 FT934-5713 1
389 0 FT934-5752 1
389 0 FT934-6121 1
389 0 FT934-9874 1
389 0 FT941-10080 1
389 0 FT941-105 1
389 0 FT941-11425 1
389 0 FT941-11723 1
389 0 FT941-12579 1
389 0 FT941-12812 1
389 0 FT941-1350 1
389 0 FT941-149 1
389 0 FT941-150 1
389 0 FT941-15010 1
389 0 FT941-15064 1
389 0 FT941-151 1
389 0 FT941-15187 1
389 0 FT941-15297 1
389 0 FT941-15525 1
389 0 FT941-16119 1
389 0 FT941-2969 1
389 0 FT941-4184 1
389 0 FT941-4427 1
389 0 FT941-4722 1
389 0 FT941-4973 1
389 0 FT941-5887 1
389 0 FT941-6139 1
389 0 FT941-6325 1
389 0 FT941-6407 1
389 0 FT941-6745 1
389 0 FT941-7526 1
389 0 FT941-7859 1
389 0 FT941-9466 1
389 0 FT942-11047 1
389 0 FT942-11593 1
389 0 FT942-14997 1
389 0 FT942-16397 1
389 0 FT942-2829 1
389 0 FT942-6183 1
389 0 FT943-15611 1
389 0 FT943-7512 1
389 0 FT944-11111 1
389 0 FT944-11375 1
390 0 FT921-13615 1
390 0 FT922-4944 1
390 0 FT931-10506 1
390 0 FT931-13695 1
390 0 FT932-1217 1
390 0 FT932-12777 1
390 0 FT932-13554 1
390 0 FT932-13841 1
390 0 FT932-14649 1
390 0 FT932-16160 1
390 0 FT932-16599 1
390 0 FT932-17113 1
390 0 FT932-17115 1
390 0 FT932-17169 1
390 0 FT932-2516 1
390 0 FT932-4046 1
390 0 FT932-4441 1
390 0 FT932-491 1
390 0 FT932-899 1
390 0 FT933-11329 1
390 0 FT933-12072 1
390 0 FT933-181 1
390 0 FT933-8965 1
390 0 FT933-9408 1
390 0 FT934-14600 1
390 0 FT934-6 1
390 0 FT941-10753 1
390 0 FT941-12574 1
390 0 FT941-13571 1
390 0 FT941-6095 1
390 0 FT942-12479 1
390 0 FT942-14203 1
390 0 FT942-14945 1
390 0 FT942-1517 1
390 0 FT942-16750 1
390 0 FT942-16800 1
390 0 FT942-16802 1
390 0 FT942-6984 1
390 0 FT943-10045 1
390 0 FT943-10078 1
390 0 FT943-11927 1
390 0 FT943-13504 1
390 0 FT943-16510 1
390 0 FT943-8860 1
390 0 FT943-9853 1
390 0 FT944-14950 1
390 0 FT944-15201 1
390 0 FT944-15202 1
390 0 FT944-16464 1
390 0 FT944-17020 1
390 0 FT944-3990 1
391 0 FT911-1638 1
391 0 FT911-2835 1
391 0 FT911-4014 1
391 0 FT911-4416 1
391 0 FT911-5026 1
391 0 FT921-10075 1
391 0 FT921-11461 1
391 0 FT921-2691 1
391 0 FT921-3035 1
391 0 FT921-3739 1
391 0 FT921-380 1
391 0 FT921-3865 1
391 0 FT921-5106 1
391 0 FT921-5586 1
391 0 FT921-5853 1
391 0 FT921-6160 1
391 0 FT921-6427 1
391 0 FT921-7658 1
391 0 FT922-12251 1
391 0 FT922-12761 1
391 0 FT922-15273 1
391 0 FT922-2196 1
391 0 FT922-289 1
391 0 FT922-4926 1
391 0 FT922-5117 1
391 0 FT922-5118 1
391 0 FT922-5328 1
391 0 FT922-549 1
391 0 FT922-576 1
391 0 FT922-715 1
391 0 FT923-10165 1
391 0 FT923-10749 1
391 0 FT923-11706 1
391 0 FT923-11707 1
391 0 FT923-11708 1
391 0 FT923-11709 1
391 0 FT923-11710 1
391 0 FT923-11711 1
391 0 FT923-11712 1
391 0 FT923-12034 1
391 0 FT923-12060 1
391 0 FT923-12548 1
391 0 FT923-15307 1
391 0 FT923-1707 1
391 0 FT923-3560 1
391 0 FT923-5219 1
391 0 FT923-8147 1
391 0 FT923-8509 1
391 0 FT924-10901 1
391 0 FT924-11213 1
391 0 FT924-12429 1
391 0 FT924-2087 1
391 0 FT924-2198 1
391 0 FT924-2213 1
391 0 FT924-4757 1
391 0 FT924-648 1
391 0 FT924-7380 1
391 0 FT924-8252 1
391 0 FT924-9559 1
391 0 FT924-9967 1
391 0 FT931-10995 1
391 0 FT931-11157 1
391 0 FT931-14399 1
391 0 FT931-15522 1
391 0 FT931-1778 1
391 0 FT931-2756 1
391 0 FT931-4998 1
391 0 FT931-7002 1
391 0 FT931-7470 1
391 0 FT931-8361 1
391 0 FT931-8380 1
391 0 FT932-10111 1
391 0 FT932-102 1
391 0 FT932-12403 1
391 0 FT932-12633 1
391 0 FT932-12941 1
391 0 FT932-13358 1
391 0 FT932-13546 1
391 0 FT932-13547 1
391 0 FT932-13548 1
391 0 FT932-13550 1
391 0 FT932-13553 1
391 0 FT932-13564 1
391 0 FT932-14649 1
391 0 FT932-16160 1
391 0 FT932-170 1
391 0 FT932-4504 1
391 0 FT932-7800 1
391 0 FT932-9586 1
391 0 FT933-11470 1
391 0 FT933-12115 1
391 0 FT933-13003 1
391 0 FT933-13423 1
391 0 FT933-14146 1
391 0 FT933-1430 1
391 0 FT933-1589 1
391 0 FT933-3108 1
391 0 FT933-4021 1
391 0 FT933-4291 1
391 0 FT933-483 1
391 0 FT933-9287 1
391 0 FT933-9289 1
391 0 FT933-9409 1
391 0 FT933-9830 1
391 0 FT934-10949 1
391 0 FT934-11556 1
391 0 FT934-11770 1
391 0 FT934-11876 1
391 0 FT934-13202 1
391 0 FT934-15831 1
391 0 FT934-17362 1
391 0 FT934-2667 1
391 0 FT934-4715 1
391 0 FT934-5603 1
391 0 FT934-6311 1
391 0 FT934-6539 1
391 0 FT934-6757 1
391 0 FT934-9312 1
391 0 FT934-9781 1
391 0 FT934-9966 1
391 0 FT941-10432 1
391 0 FT941-10462 1
391 0 FT941-10752 1
391 0 FT941-10753 1
391 0 FT941-12321 1
391 0 FT941-12787 1
391 0 FT941-14569 1
391 0 FT941-14888 1
391 0 FT941-1666 1
391 0 FT941-1748 1
391 0 FT941-1813 1
391 0 FT941-1815 1
391 0 FT941-1816 1
391 0 FT941-1818 1
391 0 FT941-1820 1
391 0 FT941-1821 1
391 0 FT941-1824 1
391 0 FT941-2054 1
391 0 FT941-4655 1
391 0 FT941-6197 1
391 0 FT941-7714 1
391 0 FT941-8656 1
391 0 FT942-10816 1
391 0 FT942-11804 1
391 0 FT942-12102 1
391 0 FT942-12109 1
391 0 FT942-14413 1
391 0 FT942-14766 1
391 0 FT942-2835 1
391 0 FT942-8823 1
391 0 FT943-10717 1
391 0 FT943-12555 1
391 0 FT943-13504 1
391 0 FT943-14013 1
391 0 FT943-14026 1
391 0 FT943-14926 1
391 0 FT943-2494 1
391 0 FT943-45 1
391 0 FT943-4983 1
391 0 FT943-8070 1
391 0 FT943-8425 1
391 0 FT944-10432 1
391 0 FT944-12161 1
391 0 FT944-14715 1
391 0 FT944-18325 1
391 0 FT944-9805 1
392 0 FT911-129 1
392 0 FT911-135 1
392 0 FT921-4470 1
392 0 FT921-7950 1
392 0 FT922-10029 1
392 0 FT922-11806 1
392 0 FT922-4414 1
392 0 FT922-4415 1
392 0 FT922-4416 1
392 0 FT922-4419 1
392 0 FT922-4461 1
392 0 FT922-4578 1
392 0 FT922-8032 1
392 0 FT922-8929 1
392 0 FT922-9444 1
392 0 FT922-9445 1
392 0 FT923-11658 1
392 0 FT923-12263 1
392 0 FT923-12341 1
392 0 FT923-12990 1
392 0 FT923-14724 1
392 0 FT923-4774 1
392 0 FT923-4779 1
392 0 FT923-5401 1
392 0 FT923-7461 1
392 0 FT923-961 1
392 0 FT924-1031 1
392 0 FT924-10484 1
392 0 FT924-1130 1
392 0 FT931-2017 1
392 0 FT932-13418 1
392 0 FT932-769 1
392 0 FT933-2180 1
392 0 FT933-4197 1
392 0 FT933-4691 1
392 0 FT934-14189 1
392 0 FT934-4378 1
392 0 FT934-5377 1
392 0 FT934-5395 1
392 0 FT934-7753 1
392 0 FT934-8386 1
392 0 FT941-1242 1
392 0 FT941-12921 1
392 0 FT941-13625 1
392 0 FT941-3538 1
392 0 FT942-10346 1
392 0 FT942-13133 1
392 0 FT942-13969 1
392 0 FT943-15023 1
392 0 FT944-18195 1
393 0 FT924-13814 1
393 0 FT924-15580 1
393 0 FT924-4091 1
393 0 FT924-6698 1
393 0 FT931-10867 1
393 0 FT931-5645 1
393 0 FT931-5914 1
393 0 FT931-8050 1
393 0 FT932-12996 1
394 0 FT932-14380 1
394 0 FT942-9445 1
394 0 FT943-4873 1
394 0 FT943-5308 1
394 0 FT944-18631 1
395 0 FT911-2446 1
395 0 FT911-2451 1
395 0 FT911-3396 1
395 0 FT911-4519 1
395 0 FT911-4520 1
395 0 FT911-663 1
395 0 FT921-10961 1
395 0 FT921-1214 1
395 0 FT921-13642 1
395 0 FT921-13648 1
395 0 FT921-13651 1
395 0 FT921-15346 1
395 0 FT921-15886 1
395 0 FT921-6648 1
395 0 FT922-10025 1
395 0 FT922-1003 1
395 0 FT922-10913 1
395 0 FT922-12601 1
395 0 FT922-12852 1
395 0 FT922-4619 1
395 0 FT922-5300 1
395 0 FT922-6290 1
395 0 FT922-8451 1
395 0 FT923-11087 1
395 0 FT923-14219 1
395 0 FT923-15285 1
395 0 FT923-1910 1
395 0 FT923-2695 1
395 0 FT923-3223 1
395 0 FT923-5044 1
395 0 FT923-6187 1
395 0 FT924-11146 1
395 0 FT924-11907 1
395 0 FT924-12293 1
395 0 FT924-13193 1
395 0 FT924-15061 1
395 0 FT924-3610 1
395 0 FT924-5111 1
395 0 FT924-5117 1
395 0 FT924-7498 1
395 0 FT924-8279 1
395 0 FT924-9868 1
395 0 FT931-5839 1
395 0 FT932-11353 1
395 0 FT932-12116 1
395 0 FT932-16945 1
395 0 FT932-2961 1
395 0 FT932-5570 1
395 0 FT932-5587 1
395 0 FT932-5695 1
395 0 FT932-9440 1
395 0 FT933-14547 1
395 0 FT933-2521 1
395 0 FT933-2713 1
395 0 FT933-3 1
395 0 FT933-425 1
395 0 FT934-10800 1
395 0 FT934-10802 1
395 0 FT934-11649 1
395 0 FT934-12204 1
395 0 FT934-12227 1
395 0 FT934-13931 1
395 0 FT934-16282 1
395 0 FT934-3779 1
395 0 FT934-4579 1
395 0 FT934-7733 1
395 0 FT941-14543 1
395 0 FT941-4185 1
395 0 FT941-6132 1
395 0 FT941-6761 1
395 0 FT941-8570 1
395 0 FT942-10654 1
395 0 FT942-1533 1
395 0 FT942-16044 1
395 0 FT942-4681 1
395 0 FT943-11047 1
395 0 FT943-11956 1
395 0 FT943-12284 1
395 0 FT943-12936 1
395 0 FT943-14520 1
395 0 FT943-44 1
395 0 FT943-7518 1
395 0 FT943-794 1
395 0 FT943-8503 1
395 0 FT944-13363 1
395 0 FT944-1592 1
395 0 FT944-15920 1
395 0 FT944-1609 1
395 0 FT944-4346 1
395 0 FT944-4612 1
395 0 FT944-7133 1
395 0 FT944-8891 1
395 0 FT944-9726 1
396 0 FT911-4484 1
396 0 FT921-7987 1
396 0 FT923-2548 1
396 0 FT923-4291 1
396 0 FT923-7392 1
396 0 FT923-9638 1
396 0 FT924-15322 1
396 0 FT931-14147 1
396 0 FT944-18520 1
396 0 FT944-18523 1
397 0 FT911-242 1
397 0 FT922-13759 1
397 0 FT924-5855 1
397 0 FT933-9208 1
397 0 FT934-17162 1
397 0 FT934-17200 1
397 0 FT934-17206 1
397 0 FT941-14983 1
398 0 FT911-3549 1
398 0 FT911-909 1
398 0 FT921-15163 1
398 0 FT921-6879 1
398 0 FT921-7204 1
398 0 FT921-9857 1
398 0 FT922-15549 1
398 0 FT922-4300 1
398 0 FT922-4649 1
398 0 FT923-9588 1
398 0 FT924-14596 1
398 0 FT924-808 1
398 0 FT931-8792 1
398 0 FT931-9636 1
398 0 FT934-16125 1
398 0 FT934-16343 1
398 0 FT941-16165 1
398 0 FT942-5102 1
398 0 FT944-17682 1
399 0 FT922-12600 1
399 0 FT922-8929 1
399 0 FT923-4337 1
399 0 FT923-531 1
399 0 FT934-7286 1
399 0 FT942-4810 1
399 0 FT942-5360 1
399 0 FT944-4092 1
399 0 FT944-6974 1
399 0 FT944-9495 1
400 0 FT921-14181 1
400 0 FT921-15851 1
400 0 FT921-15902 1
400 0 FT921-1694 1
400 0 FT921-2048 1
400 0 FT921-3692 1
400 0 FT921-7563 1
400 0 FT921-9393 1
400 0 FT921-9394 1
400 0 FT921-9497 1
400 0 FT922-2814 1
400 0 FT922-3272 1
400 0 FT922-3429 1
400 0 FT922-4344 1
400 0 FT922-4626 1
400 0 FT922-5095 1
400 0 FT922-5100 1
400 0 FT922-5104 1
400 0 FT922-5106 1
400 0 FT922-5108 1
400 0 FT922-5110 1
400 0 FT922-5538 1
400 0 FT922-5621 1
400 0 FT922-7175 1
400 0 FT922-7829 1
400 0 FT922-8377 1
400 0 FT922-8533 1
400 0 FT924-12989 1
400 0 FT924-2255 1
400 0 FT924-2553 1
400 0 FT924-2554 1
400 0 FT924-2556 1
400 0 FT924-4583 1
400 0 FT924-9727 1
400 0 FT931-10187 1
400 0 FT931-5666 1
400 0 FT931-6077 1
400 0 FT931-6615 1
400 0 FT933-3607 1
400 0 FT933-5902 1
400 0 FT934-5297 1
400 0 FT941-6115 1
400 0 FT942-13537 1
400 0 FT942-1953 1
400 0 FT942-48 1
400 0 FT942-9110 1
400 0 FT943-12730 1
400 0 FT943-16062 1
400 0 FT944-10636 1
400 0 FT944-6336 1
401 0 FT911-2806 1
401 0 FT921-13188 1
401 0 FT921-13797 1
401 0 FT921-14086 1
401 0 FT921-14215 1
401 0 FT921-15490 1
401 0 FT921-15986 1
401 0 FT921-16075 1
401 0 FT921-1807 1
401 0 FT921-1808 1
401 0 FT921-4363 1
401 0 FT921-5521 1
401 0 FT921-634 1
401 0 FT921-9293 1
401 0 FT922-14288 1
401 0 FT922-14296 1
401 0 FT922-14496 1
401 0 FT922-14939 1
401 0 FT922-2564 1
401 0 FT922-9093 1
401 0 FT923-10585 1
401 0 FT923-11069 1
401 0 FT923-174 1
401 0 FT923-177 1
401 0 FT923-2346 1
401 0 FT923-3068 1
401 0 FT923-3130 1
401 0 FT923-3134 1
401 0 FT923-3799 1
401 0 FT923-4063 1
401 0 FT923-4502 1
401 0 FT923-5331 1
401 0 FT923-5389 1
401 0 FT923-5655 1
401 0 FT923-5749 1
401 0 FT923-5991 1
401 0 FT923-6068 1
401 0 FT923-6217 1
401 0 FT923-6218 1
401 0 FT923-6362 1
401 0 FT923-6564 1
401 0 FT923-6593 1
401 0 FT923-7892 1
401 0 FT923-9388 1
401 0 FT924-10053 1
401 0 FT924-11066 1
401 0 FT924-11216 1
401 0 FT924-11304 1
401 0 FT924-11396 1
401 0 FT924-11397 1
401 0 FT924-11400 1
401 0 FT924-12222 1
401 0 FT924-12761 1
401 0 FT924-13569 1
401 0 FT924-13618 1
401 0 FT924-13800 1
401 0 FT924-14321 1
401 0 FT924-15445 1
401 0 FT924-2745 1
401 0 FT924-3011 1
401 0 FT924-3197 1
401 0 FT924-3284 1
401 0 FT924-3504 1
401 0 FT924-3506 1
401 0 FT924-3530 1
401 0 FT924-3665 1
401 0 FT924-4075 1
401 0 FT924-4344 1
401 0 FT924-4470 1
401 0 FT924-452 1
401 0 FT924-4807 1
401 0 FT924-4817 1
401 0 FT924-4952 1
401 0 FT924-4955 1
401 0 FT924-5091 1
401 0 FT924-5157 1
401 0 FT924-5373 1
401 0 FT924-5516 1
401 0 FT924-5839 1
401 0 FT924-5847 1
401 0 FT924-5850 1
401 0 FT924-5948 1
401 0 FT924-6120 1
401 0 FT924-6241 1
401 0 FT924-6417 1
401 0 FT924-713 1
401 0 FT924-7483 1
401 0 FT924-7558 1
401 0 FT924-8054 1
401 0 FT924-8787 1
401 0 FT924-8919 1
401 0 FT924-8921 1
401 0 FT924-8929 1
401 0 FT931-10056 1
401 0 FT931-10513 1
401 0 FT931-2176 1
401 0 FT931-2966 1
401 0 FT931-5571 1
401 0 FT931-5939 1
401 0 FT931-8925 1
401 0 FT931-8991 1
401 0 FT931-9196 1
401 0 FT931-9354 1
401 0 FT932-10187 1
401 0 FT932-12118 1
401 0 FT932-15086 1
401 0 FT932-2882 1
401 0 FT932-2897 1
401 0 FT932-3581 1
401 0 FT932-3800 1
401 0 FT932-4556 1
401 0 FT932-4582 1
401 0 FT932-4849 1
401 0 FT932-5161 1
401 0 FT932-5388 1
401 0 FT932-5626 1
401 0 FT932-5627 1
401 0 FT932-5771 1
401 0 FT932-5775 1
401 0 FT932-5884 1
401 0 FT932-6037 1
401 0 FT932-6044 1
401 0 FT932-659 1
401 0 FT932-6653 1
401 0 FT932-6660 1
401 0 FT932-8519 1
401 0 FT932-873 1
401 0 FT933-2163 1
401 0 FT933-3036 1
401 0 FT934-10306 1
401 0 FT934-10520 1
401 0 FT934-11312 1
401 0 FT934-17339 1
401 0 FT934-17461 1
401 0 FT934-2531 1
401 0 FT934-3204 1
401 0 FT934-5796 1
401 0 FT941-10142 1
401 0 FT941-12886 1
401 0 FT942-5121 1
401 0 FT942-5131 1
401 0 FT942-5417 1
401 0 FT942-6232 1
401 0 FT944-10118 1
401 0 FT944-11094 1
401 0 FT944-1151 1
401 0 FT944-12123 1
401 0 FT944-14374 1
401 0 FT944-6909 1
401 0 FT944-9125 1
401 0 FT944-9692 1
401 0 FT944-9693 1
401 0 FT944-9821 1
401 0 FT944-9898 1
402 0 FT921-11140 1
402 0 FT922-715 1
402 0 FT922-7420 1
402 0 FT923-7735 1
402 0 FT931-10925 1
402 0 FT931-2736 1
402 0 FT931-5795 1
402 0 FT931-9496 1
402 0 FT932-13552 1
402 0 FT932-7262 1
402 0 FT933-11998 1
402 0 FT933-13787 1
402 0 FT933-2692 1
402 0 FT933-5693 1
402 0 FT933-6719 1
402 0 FT934-1290 1
402 0 FT934-2039 1
402 0 FT934-2739 1
402 0 FT942-3637 1
402 0 FT943-16744 1
402 0 FT943-4851 1
402 0 FT944-12908 1
403 0 FT924-979 1
403 0 FT932-1044 1
404 0 FT911-3109 1
404 0 FT921-4068 1
404 0 FT921-7588 1
404 0 FT921-9932 1
404 0 FT924-14007 1
404 0 FT924-4369 1
404 0 FT924-7808 1
404 0 FT931-16787 1
404 0 FT931-916 1
404 0 FT932-1064 1
404 0 FT932-10751 1
404 0 FT932-10754 1
404 0 FT932-15914 1
404 0 FT932-16647 1
404 0 FT932-17400 1
404 0 FT933-15682 1
404 0 FT933-15855 1
404 0 FT933-16038 1
404 0 FT933-16286 1
404 0 FT933-738 1
404 0 FT934-11331 1
404 0 FT934-11422 1
404 0 FT934-11423 1
404 0 FT934-11424 1
404 0 FT934-11425 1
404 0 FT934-11473 1
404 0 FT934-11487 1
404 0 FT934-11680 1
404 0 FT934-11927 1
404 0 FT934-12128 1
404 0 FT934-1231 1
404 0 FT934-12408 1
404 0 FT934-12592 1
404 0 FT934-12656 1
404 0 FT934-12716 1
404 0 FT934-12907 1
404 0 FT934-1366 1
404 0 FT934-13848 1
404 0 FT934-16786 1
404 0 FT934-1822 1
404 0 FT934-2492 1
404 0 FT934-2666 1
404 0 FT934-4311 1
404 0 FT934-4527 1
404 0 FT934-5485 1
404 0 FT934-5486 1
404 0 FT934-5489 1
404 0 FT934-7271 1
404 0 FT934-79 1
404 0 FT934-7962 1
404 0 FT934-94 1
404 0 FT934-9911 1
404 0 FT941-11647 1
404 0 FT941-12823 1
404 0 FT941-16421 1
404 0 FT941-17415 1
404 0 FT941-2421 1
404 0 FT941-2688 1
404 0 FT941-3772 1
404 0 FT941-3775 1
404 0 FT941-3863 1
404 0 FT941-4019 1
404 0 FT941-4429 1
404 0 FT941-4490 1
404 0 FT941-4712 1
404 0 FT941-4721 1
404 0 FT941-4773 1
404 0 FT941-5838 1
404 0 FT942-12261 1
404 0 FT942-13617 1
404 0 FT942-16454 1
404 0 FT942-17435 1
404 0 FT942-17632 1
404 0 FT942-2441 1
404 0 FT942-8049 1
404 0 FT942-9514 1
404 0 FT943-10237 1
404 0 FT943-3475 1
404 0 FT943-3644 1
404 0 FT943-4039 1
404 0 FT943-4066 1
404 0 FT943-5119 1
404 0 FT943-5512 1
404 0 FT943-5531 1
404 0 FT943-5825 1
404 0 FT943-6067 1
404 0 FT943-6251 1
404 0 FT944-10079 1
404 0 FT944-10126 1
404 0 FT944-10368 1
404 0 FT944-10376 1
404 0 FT944-13855 1
404 0 FT944-1524 1
404 0 FT944-18148 1
404 0 FT944-5903 1
404 0 FT944-8331 1
404 0 FT944-9879 1
405 0 FT911-3681 1
405 0 FT921-830 1
405 0 FT922-11472 1
405 0 FT922-11525 1
405 0 FT922-11742 1
405 0 FT922-13455 1
405 0 FT931-16055 1
405 0 FT941-17652 1
405 0 FT943-10128 1
405 0 FT943-13986 1
405 0 FT943-14095 1
405 0 FT943-3693 1
405 0 FT944-12147 1
405 0 FT944-128 1
406 0 FT932-7262 1
406 0 FT933-5690 1
407 0 FT921-15886 1
407 0 FT921-15901 1
407 0 FT921-6003 1
407 0 FT923-1974 1
407 0 FT932-12511 1
407 0 FT932-16493 1
407 0 FT932-7459 1
407 0 FT933-2396 1
407 0 FT933-5757 1
407 0 FT933-7330 1
407 0 FT933-9176 1
407 0 FT934-12959 1
407 0 FT934-2755 1
407 0 FT941-15415 1
407 0 FT941-15416 1
407 0 FT941-2746 1
407 0 FT941-5453 1
407 0 FT942-10464 1
407 0 FT942-17238 1
407 0 FT943-8480 1
407 0 FT944-11473 1
407 0 FT944-8277 1
408 0 FT911-1221 1
408 0 FT911-124 1
408 0 FT911-1248 1
408 0 FT911-1465 1
408 0 FT911-1803 1
408 0 FT911-1940 1
408 0 FT911-2203 1
408 0 FT911-2317 1
408 0 FT911-396 1
408 0 FT911-439 1
408 0 FT911-815 1
408 0 FT923-1747 1
408 0 FT923-2326 1
408 0 FT923-3091 1
408 0 FT923-4094 1
408 0 FT923-5267 1
408 0 FT923-5797 1
408 0 FT923-6038 1
408 0 FT923-6110 1
408 0 FT923-6455 1
408 0 FT923-6560 1
408 0 FT923-6582 1
408 0 FT923-6592 1
408 0 FT924-1774 1
408 0 FT924-6225 1
408 0 FT931-1199 1
408 0 FT933-15680 1
408 0 FT933-3525 1
408 0 FT933-5307 1
408 0 FT933-8357 1
408 0 FT933-9488 1
408 0 FT941-17340 1
408 0 FT942-10710 1
408 0 FT942-11667 1
408 0 FT943-15451 1
408 0 FT943-7718 1
408 0 FT944-17187 1
409 0 FT921-1976 1
409 0 FT921-209 1
409 0 FT921-2687 1
409 0 FT921-5393 1
409 0 FT921-714 1
409 0 FT921-717 1
409 0 FT921-8049 1
409 0 FT921-8099 1
409 0 FT921-969 1
409 0 FT922-12839 1
409 0 FT922-12921 1
409 0 FT922-13723 1
409 0 FT922-14616 1
409 0 FT922-15449 1
409 0 FT923-11688 1
409 0 FT923-13692 1
409 0 FT923-13817 1
409 0 FT934-6857 1
409 0 FT941-11932 1
409 0 FT941-758 1
409 0 FT942-17044 1
410 0 FT911-1963 1
410 0 FT921-7727 1
410 0 FT921-9293 1
410 0 FT921-9511 1
410 0 FT922-751 1
410 0 FT922-8566 1
410 0 FT922-9239 1
410 0 FT923-3617 1
410 0 FT924-1015 1
410 0 FT924-1888 1
410 0 FT924-3822 1
410 0 FT924-4549 1
410 0 FT924-5835 1
410 0 FT924-6924 1
410 0 FT924-6931 1
410 0 FT931-14276 1
410 0 FT932-11119 1
410 0 FT932-1167 1
410 0 FT932-1183 1
410 0 FT932-12074 1
410 0 FT932-16163 1
410 0 FT932-16523 1
410 0 FT932-17156 1
410 0 FT932-6660 1
410 0 FT933-14918 1
410 0 FT933-16910 1
410 0 FT934-14160 1
410 0 FT934-14347 1
410 0 FT934-15886 1
410 0 FT934-16124 1
410 0 FT934-6237 1
410 0 FT941-12257 1
410 0 FT941-12878 1
410 0 FT941-13450 1
410 0 FT941-16021 1
410 0 FT941-16995 1
410 0 FT942-13390 1
410 0 FT942-14360 1
410 0 FT944-1628 1
410 0 FT944-4056 1
410 0 FT944-934 1
410 0 FT944-9461 1
411 0 FT922-4205 1
411 0 FT924-1927 1
411 0 FT932-4727 1
411 0 FT933-15029 1
411 0 FT933-8545 1
411 0 FT944-6915 1
411 0 FT944-6974 1
412 0 FT911-3396 1
412 0 FT922-10112 1
412 0 FT922-7222 1
412 0 FT923-11549 1
412 0 FT923-13692 1
412 0 FT931-6812 1
412 0 FT933-6584 1
412 0 FT933-8892 1
412 0 FT941-15843 1
412 0 FT941-3863 1
412 0 FT941-4019 1
412 0 FT941-4158 1
412 0 FT941-4175 1
412 0 FT941-4211 1
412 0 FT941-4490 1
412 0 FT941-4724 1
412 0 FT941-4773 1
412 0 FT942-16387 1
412 0 FT942-6193 1
412 0 FT943-5328 1
412 0 FT943-5590 1
413 0 FT921-10554 1
413 0 FT921-9880 1
413 0 FT922-10730 1
413 0 FT922-11333 1
413 0 FT922-11476 1
413 0 FT922-11549 1
413 0 FT922-11720 1
413 0 FT922-11827 1
413 0 FT922-15227 1
413 0 FT922-7622 1
413 0 FT923-10837 1
413 0 FT923-13332 1
413 0 FT923-15658 1
413 0 FT923-9006 1
413 0 FT923-9281 1
413 0 FT924-11301 1
413 0 FT924-1650 1
413 0 FT924-6067 1
413 0 FT931-14845 1
413 0 FT931-6244 1
413 0 FT931-7352 1
413 0 FT932-13620 1
413 0 FT932-13891 1
413 0 FT932-15853 1
413 0 FT933-12902 1
413 0 FT933-15473 1
413 0 FT933-334 1
413 0 FT934-11976 1
413 0 FT941-10452 1
413 0 FT941-3362 1
413 0 FT941-9344 1
413 0 FT942-15017 1
413 0 FT942-6296 1
413 0 FT942-8279 1
413 0 FT942-9083 1
413 0 FT943-10945 1
413 0 FT944-10038 1
413 0 FT944-12759 1
413 0 FT944-14233 1
413 0 FT944-1455 1
413 0 FT944-17588 1
413 0 FT944-3667 1
413 0 FT944-4626 1
414 0 FT921-14610 1
414 0 FT921-8126 1
414 0 FT921-9644 1
414 0 FT922-8462 1
414 0 FT924-5210 1
414 0 FT931-8550 1
414 0 FT932-13472 1
414 0 FT932-13478 1
414 0 FT932-14001 1
414 0 FT932-5104 1
414 0 FT942-16668 1
414 0 FT944-10694 1
414 0 FT944-11926 1
414 0 FT944-12369 1
415 0 FT921-3152 1
415 0 FT921-3261 1
415 0 FT924-10092 1
416 0 FT911-3434 1
416 0 FT921-1783 1
416 0 FT921-2010 1
416 0 FT921-3244 1
416 0 FT922-14361 1
416 0 FT922-14835 1
416 0 FT932-7110 1
416 0 FT934-14736 1
416 0 FT941-12849 1
416 0 FT941-12860 1
416 0 FT942-7356 1
416 0 FT942-9118 1
416 0 FT943-15837 1
416 0 FT943-16426 1
417 0 FT911-4165 1
417 0 FT921-15187 1
417 0 FT921-2337 1
417 0 FT921-3013 1
417 0 FT921-4882 1
417 0 FT921-8725 1
417 0 FT923-11128 1
417 0 FT923-12432 1
417 0 FT924-10412 1
417 0 FT924-5001 1
417 0 FT924-9247 1
417 0 FT931-10145 1
417 0 FT931-12874 1
417 0 FT931-4669 1
417 0 FT932-10258 1
417 0 FT933-11035 1
417 0 FT933-15822 1
417 0 FT934-8117 1
417 0 FT941-4063 1
417 0 FT941-4932 1
417 0 FT941-4934 1
417 0 FT942-4796 1
417 0 FT942-8697 1
417 0 FT942-8984 1
417 0 FT943-10814 1
417 0 FT943-11620 1
417 0 FT943-1287 1
417 0 FT943-15609 1
417 0 FT943-16131 1
417 0 FT943-2522 1
417 0 FT943-4356 1
417 0 FT943-6595 1
417 0 FT944-10618 1
417 0 FT944-3499 1
417 0 FT944-4744 1
417 0 FT944-4861 1
417 0 FT944-5407 1
417 0 FT944-625 1
418 0 FT911-4184 1
418 0 FT921-11243 1
418 0 FT921-4731 1
418 0 FT921-514 1
418 0 FT922-10117 1
418 0 FT922-1999 1
418 0 FT922-3388 1
418 0 FT922-4126 1
418 0 FT922-4172 1
418 0 FT922-5444 1
418 0 FT923-10014 1
418 0 FT923-952 1
418 0 FT924-10247 1
418 0 FT924-1054 1
418 0 FT924-15658 1
418 0 FT924-5181 1
418 0 FT924-6271 1
418 0 FT924-6277 1
418 0 FT924-6279 1
418 0 FT924-7673 1
418 0 FT924-9142 1
418 0 FT924-9261 1
418 0 FT931-14761 1
418 0 FT931-8082 1
418 0 FT932-14569 1
418 0 FT933-15022 1
418 0 FT933-15026 1
418 0 FT934-12949 1
418 0 FT934-4187 1
418 0 FT934-7186 1
418 0 FT934-7868 1
418 0 FT934-8711 1
418 0 FT941-1081 1
418 0 FT941-1082 1
418 0 FT941-15243 1
418 0 FT942-12748 1
418 0 FT942-13614 1
418 0 FT942-1587 1
418 0 FT942-8137 1
418 0 FT943-14877 1
418 0 FT943-2636 1
418 0 FT944-14419 1
418 0 FT944-15892 1
418 0 FT944-48 1
418 0 FT944-6970 1
418 0 FT944-8434 1
418 0 FT944-9973 1
419 0 FT921-5259 1
419 0 FT921-667 1
419 0 FT923-438 1
419 0 FT934-13811 1
419 0 FT934-9592 1
419 0 FT941-17541 1
419 0 FT941-5694 1
419 0 FT944-18126 1
420 0 FT931-9214 1
420 0 FT933-12612 1
420 0 FT933-12618 1
420 0 FT933-9825 1
421 0 FT911-2922 1
421 0 FT921-3525 1
421 0 FT922-1206 1
421 0 FT922-14197 1
421 0 FT922-3002 1
421 0 FT922-5108 1
421 0 FT923-13224 1
421 0 FT924-14671 1
421 0 FT924-5366 1
421 0 FT924-8720 1
421 0 FT931-15291 1
421 0 FT932-13558 1
421 0 FT932-2384 1
421 0 FT932-5 1
421 0 FT933-10478 1
421 0 FT934-10056 1
421 0 FT934-11284 1
421 0 FT934-12375 1
421 0 FT934-17401 1
421 0 FT934-17408 1
421 0 FT934-3773 1
421 0 FT941-14722 1
421 0 FT941-15564 1
421 0 FT941-428 1
421 0 FT942-15896 1
421 0 FT942-17235 1
421 0 FT942-431 1
421 0 FT943-4815 1
421 0 FT943-6184 1
421 0 FT944-10928 1
421 0 FT944-16745 1
422 0 FT911-1128 1
422 0 FT911-1291 1
422 0 FT911-2080 1
422 0 FT911-5359 1
422 0 FT921-10515 1
422 0 FT921-12679 1
422 0 FT921-14472 1
422 0 FT921-14982 1
422 0 FT921-15491 1
422 0 FT921-406 1
422 0 FT921-4371 1
422 0 FT923-12234 1
422 0 FT923-14708 1
422 0 FT923-1946 1
422 0 FT923-4540 1
422 0 FT924-5176 1
422 0 FT931-12076 1
422 0 FT931-12368 1
422 0 FT931-2409 1
422 0 FT931-5187 1
422 0 FT931-5189 1
422 0 FT931-5346 1
422 0 FT931-781 1
422 0 FT932-10438 1
422 0 FT932-13085 1
422 0 FT932-15804 1
422 0 FT932-15805 1
422 0 FT933-2068 1
422 0 FT933-2414 1
422 0 FT934-11678 1
422 0 FT934-2307 1
422 0 FT934-9676 1
422 0 FT934-9905 1
422 0 FT941-12439 1
422 0 FT941-13995 1
422 0 FT941-2090 1
422 0 FT941-3869 1
422 0 FT941-5684 1
422 0 FT941-8365 1
422 0 FT942-10883 1
422 0 FT942-1977 1
422 0 FT942-9989 1
422 0 FT943-11457 1
422 0 FT943-13825 1
422 0 FT943-5407 1
422 0 FT943-7186 1
422 0 FT944-14191 1
422 0 FT944-5212 1
422 0 FT944-6708 1
423 0 FT933-2528 1
423 0 FT933-2532 1
423 0 FT934-1562 1
423 0 FT942-11666 1
423 0 FT943-7734 1
423 0 FT944-12689 1
423 0 FT944-439 1
424 0 FT921-13791 1
424 0 FT921-15121 1
424 0 FT921-7444 1
424 0 FT922-1871 1
424 0 FT922-1872 1
424 0 FT922-3020 1
424 0 FT922-4147 1
424 0 FT922-6832 1
424 0 FT923-11076 1
424 0 FT924-12496 1
424 0 FT924-12871 1
424 0 FT924-14420 1
424 0 FT924-1588 1
424 0 FT931-15835 1
424 0 FT931-915 1
424 0 FT932-13258 1
424 0 FT932-14048 1
424 0 FT932-14313 1
424 0 FT932-14344 1
424 0 FT932-16852 1
424 0 FT932-8982 1
424 0 FT933-12026 1
424 0 FT933-12265 1
424 0 FT933-15901 1
424 0 FT933-3666 1
424 0 FT933-7846 1
424 0 FT933-7928 1
424 0 FT941-14284 1
424 0 FT941-17183 1
424 0 FT941-3888 1
424 0 FT941-4153 1
424 0 FT941-4208 1
424 0 FT941-4380 1
424 0 FT941-5469 1
424 0 FT942-12127 1
424 0 FT943-11450 1
424 0 FT943-12603 1
424 0 FT943-17076 1
424 0 FT943-6959 1
424 0 FT943-9989 1
424 0 FT944-16074 1
424 0 FT944-2004 1
424 0 FT944-2219 1
424 0 FT944-8409 1
425 0 FT921-12539 1
425 0 FT921-14192 1
425 0 FT921-14233 1
425 0 FT921-14379 1
425 0 FT922-3666 1
425 0 FT922-3864 1
425 0 FT922-8186 1
425 0 FT923-10219 1
425 0 FT923-4117 1
425 0 FT923-9438 1
425 0 FT931-2043 1
425 0 FT931-2762 1
425 0 FT933-13344 1
425 0 FT933-6924 1
425 0 FT934-13872 1
425 0 FT934-8670 1
425 0 FT941-3920 1
425 0 FT942-1428 1
425 0 FT942-15025 1
425 0 FT942-1538 1
425 0 FT943-14585 1
425 0 FT943-7529 1
425 0 FT944-1252 1
425 0 FT944-16304 1
425 0 FT944-18638 1
426 0 FT922-14750 1
426 0 FT923-9485 1
426 0 FT924-13045 1
426 0 FT924-3625 1
426 0 FT924-5367 1
426 0 FT931-16885 1
426 0 FT932-10511 1
426 0 FT932-11637 1
426 0 FT942-6647 1
427 0 FT921-7202 1
427 0 FT921-8446 1
427 0 FT921-9705 1
427 0 FT922-7705 1
427 0 FT923-10771 1
427 0 FT924-1885 1
427 0 FT924-7120 1
427 0 FT931-5371 1
427 0 FT932-4305 1
427 0 FT933-1362 1
427 0 FT933-16379 1
427 0 FT934-14520 1
427 0 FT942-8447 1
427 0 FT942-9704 1
427 0 FT943-11207 1
427 0 FT943-13952 1
427 0 FT943-5736 1
428 0 FT911-135 1
428 0 FT911-2458 1
428 0 FT911-3399 1
428 0 FT921-1198 1
428 0 FT921-5892 1
428 0 FT921-7084 1
428 0 FT921-7242 1
428 0 FT922-10401 1
428 0 FT922-2782 1
428 0 FT923-13628 1
428 0 FT923-9092 1
428 0 FT924-10640 1
428 0 FT924-11400 1
428 0 FT924-9331 1
428 0 FT924-9350 1
428 0 FT931-13724 1
428 0 FT931-1806 1
428 0 FT931-7593 1
428 0 FT931-892 1
428 0 FT932-13560 1
428 0 FT932-13957 1
428 0 FT932-3141 1
428 0 FT932-3422 1
428 0 FT932-7972 1
428 0 FT932-8842 1
428 0 FT933-7393 1
428 0 FT933-9521 1
428 0 FT934-12742 1
428 0 FT941-12411 1
428 0 FT941-12771 1
428 0 FT941-16778 1
428 0 FT941-2789 1
428 0 FT941-5607 1
428 0 FT941-9415 1
428 0 FT941-9688 1
428 0 FT942-10229 1
428 0 FT942-11699 1
428 0 FT942-1376 1
428 0 FT942-13785 1
428 0 FT942-15273 1
428 0 FT943-11076 1
428 0 FT943-14332 1
428 0 FT943-16216 1
428 0 FT943-4802 1
428 0 FT943-5141 1
428 0 FT943-5357 1
428 0 FT943-6050 1
428 0 FT943-8321 1
428 0 FT943-9218 1
428 0 FT943-9226 1
429 0 FT932-10547 1
429 0 FT943-1146 1
430 0 FT911-4886 1
431 0 FT911-129 1
431 0 FT911-135 1
431 0 FT911-3871 1
431 0 FT921-3682 1
431 0 FT921-406 1
431 0 FT921-4470 1
431 0 FT921-6743 1
431 0 FT921-7109 1
431 0 FT921-7950 1
431 0 FT921-8893 1
431 0 FT922-11806 1
431 0 FT922-4414 1
431 0 FT922-4415 1
431 0 FT922-8032 1
431 0 FT922-8929 1
431 0 FT922-9444 1
431 0 FT922-9445 1
431 0 FT923-11658 1
431 0 FT923-13621 1
431 0 FT923-14724 1
431 0 FT923-4774 1
431 0 FT923-7461 1
431 0 FT924-11363 1
431 0 FT931-2017 1
431 0 FT931-6266 1
431 0 FT931-9142 1
431 0 FT932-6741 1
431 0 FT932-769 1
431 0 FT933-12567 1
431 0 FT933-16950 1
431 0 FT933-2180 1
431 0 FT933-6911 1
431 0 FT934-4378 1
431 0 FT934-5377 1
431 0 FT934-5395 1
431 0 FT934-7753 1
431 0 FT934-8386 1
431 0 FT941-1242 1
431 0 FT941-12921 1
431 0 FT941-13625 1
431 0 FT941-15546 1
431 0 FT942-12501 1
431 0 FT942-13969 1
431 0 FT942-16561 1
431 0 FT942-5669 1
431 0 FT943-5054 1
431 0 FT944-15801 1
431 0 FT944-16970 1
431 0 FT944-18195 1
433 0 FT911-4174 1
433 0 FT923-10233 1
433 0 FT923-9245 1
433 0 FT924-14023 1
433 0 FT924-9510 1
433 0 FT931-15365 1
433 0 FT942-11555 1
433 0 FT942-6142 1
434 0 FT911-3287 1
434 0 FT911-778 1
434 0 FT921-11996 1
434 0 FT921-12784 1
434 0 FT921-14225 1
434 0 FT921-14237 1
434 0 FT921-16535 1
434 0 FT921-862 1
434 0 FT922-10918 1
434 0 FT922-2140 1
434 0 FT922-5369 1
434 0 FT922-7816 1
434 0 FT922-8245 1
434 0 FT923-10370 1
434 0 FT923-13610 1
434 0 FT923-3129 1
434 0 FT923-3167 1
434 0 FT923-4336 1
434 0 FT923-4389 1
434 0 FT923-6742 1
434 0 FT923-6924 1
434 0 FT923-7654 1
434 0 FT924-1740 1
434 0 FT924-1757 1
434 0 FT924-1759 1
434 0 FT924-1760 1
434 0 FT924-1909 1
434 0 FT924-1912 1
434 0 FT924-6843 1
434 0 FT932-1653 1
434 0 FT933-11829 1
434 0 FT933-14717 1
434 0 FT933-2591 1
434 0 FT933-4474 1
434 0 FT933-8479 1
434 0 FT933-9219 1
434 0 FT933-934 1
434 0 FT934-4666 1
434 0 FT941-11260 1
434 0 FT941-11731 1
434 0 FT941-16163 1
434 0 FT941-4928 1
434 0 FT942-11407 1
434 0 FT942-11547 1
434 0 FT942-12004 1
434 0 FT942-14619 1
434 0 FT942-14632 1
434 0 FT942-14633 1
434 0 FT942-14634 1
434 0 FT942-14635 1
434 0 FT942-14636 1
434 0 FT942-14637 1
434 0 FT942-14638 1
434 0 FT942-14639 1
434 0 FT942-14640 1
434 0 FT942-14641 1
434 0 FT942-14642 1
434 0 FT942-14643 1
434 0 FT942-14644 1
434 0 FT942-14645 1
434 0 FT942-14646 1
434 0 FT942-14647 1
434 0 FT942-16602 1
434 0 FT942-16924 1
434 0 FT942-2218 1
434 0 FT942-5787 1
434 0 FT942-6977 1
434 0 FT942-7099 1
434 0 FT942-7918 1
434 0 FT942-7984 1
434 0 FT943-11570 1
434 0 FT943-12566 1
434 0 FT943-13675 1
434 0 FT943-14253 1
434 0 FT943-21 1
434 0 FT943-22 1
434 0 FT943-4403 1
434 0 FT943-539 1
434 0 FT943-6240 1
434 0 FT944-10256 1
434 0 FT944-15116 1
434 0 FT944-15187 1
434 0 FT944-18719 1
434 0 FT944-3611 1
435 0 FT911-2153 1
435 0 FT921-15901 1
435 0 FT921-3723 1
435 0 FT921-4212 1
435 0 FT922-1237 1
435 0 FT931-10612 1
435 0 FT931-1205 1
435 0 FT931-892 1
435 0 FT932-3422 1
435 0 FT932-5699 1
435 0 FT934-7698 1
435 0 FT941-12411 1
435 0 FT943-3564 1
435 0 FT943-3807 1
435 0 FT943-4154 1
435 0 FT943-4802 1
435 0 FT943-5141 1
435 0 FT943-5357 1
435 0 FT943-5797 1
435 0 FT943-6050 1
435 0 FT943-808 1
435 0 FT943-8239 1
435 0 FT943-8324 1
435 0 FT943-9226 1
435 0 FT944-2863 1
436 0 FT911-4885 1
436 0 FT911-565 1
436 0 FT911-566 1
436 0 FT921-12103 1
436 0 FT921-12336 1
436 0 FT921-12677 1
436 0 FT921-2942 1
436 0 FT921-3715 1
436 0 FT921-3726 1
436 0 FT921-3960 1
436 0 FT921-3968 1
436 0 FT921-8916 1
436 0 FT922-12193 1
436 0 FT922-14547 1
436 0 FT922-6997 1
436 0 FT923-479 1
436 0 FT923-5087 1
436 0 FT924-11139 1
436 0 FT924-15077 1
436 0 FT924-15653 1
436 0 FT924-4802 1
436 0 FT924-4812 1
436 0 FT924-5558 1
436 0 FT924-7490 1
436 0 FT931-12899 1
436 0 FT931-14252 1
436 0 FT931-14769 1
436 0 FT932-14043 1
436 0 FT932-17457 1
436 0 FT932-5424 1
436 0 FT933-10907 1
436 0 FT933-4950 1
436 0 FT933-519 1
436 0 FT934-132 1
436 0 FT941-1173 1
436 0 FT941-5016 1
436 0 FT941-7101 1
436 0 FT941-7105 1
436 0 FT941-923 1
436 0 FT942-1032 1
436 0 FT942-17424 1
436 0 FT943-4136 1
436 0 FT943-4371 1
436 0 FT943-8786 1
436 0 FT943-8887 1
436 0 FT943-8915 1
436 0 FT943-9321 1
436 0 FT944-12822 1
436 0 FT944-15826 1
437 0 FT921-14302 1
437 0 FT921-14322 1
437 0 FT921-15570 1
437 0 FT921-16212 1
437 0 FT921-4300 1
437 0 FT921-658 1
437 0 FT921-6632 1
437 0 FT921-7175 1
437 0 FT922-3709 1
437 0 FT922-696 1
437 0 FT922-7857 1
437 0 FT922-8298 1
437 0 FT922-9599 1
437 0 FT923-13080 1
437 0 FT923-13982 1
437 0 FT923-14319 1
437 0 FT923-14400 1
437 0 FT923-15731 1
437 0 FT923-357 1
437 0 FT923-4547 1
437 0 FT924-6000 1
437 0 FT931-10180 1
437 0 FT931-4717 1
437 0 FT931-9639 1
437 0 FT932-142 1
437 0 FT933-2758 1
437 0 FT933-3647 1
437 0 FT934-2584 1
437 0 FT941-12375 1
437 0 FT941-12755 1
437 0 FT941-13100 1
437 0 FT941-13385 1
437 0 FT941-13773 1
437 0 FT941-13850 1
437 0 FT941-156 1
437 0 FT941-2928 1
437 0 FT941-472 1
437 0 FT941-7083 1
437 0 FT941-7581 1
437 0 FT941-8726 1
437 0 FT941-8733 1
437 0 FT941-9600 1
437 0 FT941-9635 1
437 0 FT941-9840 1
437 0 FT942-10389 1
437 0 FT942-10564 1
437 0 FT942-10642 1
437 0 FT942-10643 1
437 0 FT942-10697 1
437 0 FT942-11053 1
437 0 FT942-11096 1
437 0 FT942-11676 1
437 0 FT942-12766 1
437 0 FT942-13006 1
437 0 FT942-15014 1
437 0 FT942-15703 1
437 0 FT942-6513 1
437 0 FT942-663 1
437 0 FT943-13555 1
437 0 FT943-3666 1
437 0 FT943-6554 1
437 0 FT944-1938 1
437 0 FT944-1957 1
437 0 FT944-2147 1
437 0 FT944-2167 1
437 0 FT944-5613 1
437 0 FT944-6736 1
438 0 FT911-1946 1
438 0 FT911-2446 1
438 0 FT911-3441 1
438 0 FT911-663 1
438 0 FT921-13642 1
438 0 FT921-15886 1
438 0 FT921-6633 1
438 0 FT921-6648 1
438 0 FT921-8010 1
438 0 FT922-10913 1
438 0 FT922-12852 1
438 0 FT922-2908 1
438 0 FT922-3844 1
438 0 FT922-4424 1
438 0 FT922-4619 1
438 0 FT922-7324 1
438 0 FT922-9465 1
438 0 FT923-11087 1
438 0 FT923-1587 1
438 0 FT923-3223 1
438 0 FT924-11146 1
438 0 FT924-11313 1
438 0 FT924-14658 1
438 0 FT924-3610 1
438 0 FT924-3618 1
438 0 FT924-7008 1
438 0 FT924-8279 1
438 0 FT924-9467 1
438 0 FT924-9868 1
438 0 FT931-16390 1
438 0 FT931-1895 1
438 0 FT932-16945 1
438 0 FT932-2961 1
438 0 FT932-3423 1
438 0 FT932-3433 1
438 0 FT932-3827 1
438 0 FT932-5570 1
438 0 FT932-5587 1
438 0 FT933-14294 1
438 0 FT933-14547 1
438 0 FT933-2727 1
438 0 FT933-3 1
438 0 FT933-8438 1
438 0 FT934-10802 1
438 0 FT934-12204 1
438 0 FT934-16282 1
438 0 FT934-4579 1
438 0 FT934-7591 1
438 0 FT934-7733 1
438 0 FT934-9708 1
438 0 FT941-11685 1
438 0 FT941-2767 1
438 0 FT941-4185 1
438 0 FT941-4935 1
438 0 FT941-6132 1
438 0 FT941-9573 1
438 0 FT942-10654 1
438 0 FT942-1249 1
438 0 FT942-1533 1
438 0 FT942-16044 1
438 0 FT942-4681 1
438 0 FT942-4870 1
438 0 FT942-7298 1
438 0 FT942-7403 1
438 0 FT942-768 1
438 0 FT942-954 1
438 0 FT943-1006 1
438 0 FT943-10839 1
438 0 FT943-11047 1
438 0 FT943-11867 1
438 0 FT943-11956 1
438 0 FT943-12936 1
438 0 FT943-13709 1
438 0 FT943-3798 1
438 0 FT943-44 1
438 0 FT943-4468 1
438 0 FT943-7362 1
438 0 FT943-8336 1
438 0 FT943-8503 1
438 0 FT943-9538 1
438 0 FT944-12438 1
438 0 FT944-13218 1
438 0 FT944-13363 1
438 0 FT944-1592 1
438 0 FT944-1609 1
438 0 FT944-2262 1
438 0 FT944-4346 1
438 0 FT944-4612 1
438 0 FT944-9726 1
439 0 FT911-200 1
439 0 FT911-4481 1
439 0 FT921-4906 1
439 0 FT921-5002 1
439 0 FT921-6243 1
439 0 FT922-12549 1
439 0 FT922-12878 1
439 0 FT922-15059 1
439 0 FT922-3281 1
439 0 FT922-4175 1
439 0 FT922-4597 1
439 0 FT922-489 1
439 0 FT922-9312 1
439 0 FT923-11693 1
439 0 FT923-4278 1
439 0 FT924-13186 1
439 0 FT924-13190 1
439 0 FT924-14473 1
439 0 FT924-1947 1
439 0 FT924-2003 1
439 0 FT931-10268 1
439 0 FT931-10441 1
439 0 FT931-12192 1
439 0 FT931-1310 1
439 0 FT931-13888 1
439 0 FT931-5796 1
439 0 FT931-9496 1
439 0 FT932-2797 1
439 0 FT932-8691 1
439 0 FT933-6475 1
439 0 FT934-10678 1
439 0 FT934-11831 1
439 0 FT934-1290 1
439 0 FT934-13554 1
439 0 FT934-703 1
439 0 FT941-10022 1
439 0 FT941-11412 1
439 0 FT941-12792 1
439 0 FT941-1390 1
439 0 FT941-14186 1
439 0 FT941-14188 1
439 0 FT941-5844 1
439 0 FT941-5845 1
439 0 FT941-5846 1
439 0 FT941-7301 1
439 0 FT941-8703 1
439 0 FT941-8704 1
439 0 FT942-11282 1
439 0 FT942-12501 1
439 0 FT942-1384 1
439 0 FT942-14635 1
439 0 FT942-16775 1
439 0 FT942-2497 1
439 0 FT942-5666 1
439 0 FT943-11618 1
439 0 FT943-13935 1
439 0 FT943-206 1
439 0 FT943-3268 1
439 0 FT943-4507 1
439 0 FT943-5982 1
439 0 FT943-6184 1
439 0 FT943-6897 1
439 0 FT943-8064 1
439 0 FT944-12616 1
439 0 FT944-15801 1
439 0 FT944-16100 1
439 0 FT944-16464 1
439 0 FT944-17586 1
439 0 FT944-5675 1
439 0 FT944-7278 1
439 0 FT944-8750 1
440 0 FT921-2818 1
440 0 FT922-770 1
440 0 FT924-1107 1
440 0 FT932-5791 1
440 0 FT933-8677 1
440 0 FT933-8694 1
440 0 FT933-9007 1
440 0 FT934-8196 1
440 0 FT934-9422 1
440 0 FT941-1740 1
440 0 FT941-3535 1
440 0 FT941-516 1
440 0 FT941-890 1
440 0 FT942-17293 1
440 0 FT942-3471 1
440 0 FT942-6206 1
440 0 FT942-8040 1
441 0 FT921-2018 1
442 0 FT924-10364 1
442 0 FT924-12931 1
442 0 FT932-7507 1
442 0 FT941-8360 1
443 0 FT921-7343 1
443 0 FT924-6026 1
443 0 FT931-13205 1
443 0 FT932-12322 1
443 0 FT932-4296 1
443 0 FT932-6492 1
443 0 FT932-6907 1
443 0 FT932-7454 1
443 0 FT932-8817 1
443 0 FT932-9373 1
443 0 FT933-1136 1
443 0 FT933-1164 1
443 0 FT933-1169 1
443 0 FT933-1184 1
443 0 FT933-11867 1
443 0 FT933-1187 1
443 0 FT933-11874 1
443 0 FT933-11876 1
443 0 FT933-4400 1
443 0 FT933-485 1
443 0 FT933-5761 1
443 0 FT933-5763 1
443 0 FT934-11008 1
443 0 FT934-12013 1
443 0 FT934-15955 1
443 0 FT934-4114 1
443 0 FT934-6162 1
443 0 FT934-6510 1
443 0 FT934-7735 1
443 0 FT934-7736 1
443 0 FT934-7737 1
443 0 FT941-10902 1
443 0 FT941-2257 1
443 0 FT941-4190 1
443 0 FT941-4265 1
443 0 FT941-5911 1
443 0 FT941-7632 1
443 0 FT941-98 1
443 0 FT942-10178 1
443 0 FT942-11103 1
443 0 FT942-11344 1
443 0 FT942-13342 1
443 0 FT942-14986 1
443 0 FT942-5334 1
443 0 FT942-5887 1
443 0 FT942-5996 1
443 0 FT942-7086 1
443 0 FT942-8277 1
443 0 FT942-8659 1
443 0 FT942-8919 1
443 0 FT942-9701 1
443 0 FT943-12701 1
443 0 FT943-13395 1
443 0 FT943-13713 1
443 0 FT943-13715 1
443 0 FT943-13717 1
443 0 FT943-2143 1
443 0 FT943-61 1
443 0 FT944-10180 1
443 0 FT944-17700 1
443 0 FT944-17899 1
443 0 FT944-17976 1
443 0 FT944-18312 1
443 0 FT944-4358 1
443 0 FT944-4426 1
443 0 FT944-4625 1
443 0 FT944-4970 1
443 0 FT944-618 1
443 0 FT944-6483 1
444 0 FT932-7115 1
444 0 FT933-14063 1
444 0 FT943-4354 1
445 0 FT921-11838 1
445 0 FT921-11847 1
445 0 FT921-11857 1
445 0 FT921-4820 1
445 0 FT921-7364 1
445 0 FT922-2871 1
445 0 FT924-10404 1
445 0 FT924-10442 1
445 0 FT924-3678 1
445 0 FT924-388 1
445 0 FT924-4560 1
445 0 FT924-6311 1
445 0 FT924-6652 1
445 0 FT924-7590 1
445 0 FT924-8156 1
445 0 FT924-9001 1
445 0 FT924-9074 1
445 0 FT931-10711 1
445 0 FT931-11616 1
445 0 FT931-15039 1
445 0 FT931-17017 1
445 0 FT931-9901 1
445 0 FT932-11644 1
445 0 FT932-13754 1
445 0 FT932-2151 1
445 0 FT932-6094 1
445 0 FT932-6456 1
445 0 FT932-9083 1
445 0 FT933-10924 1
445 0 FT933-12089 1
445 0 FT933-9689 1
445 0 FT934-11650 1
445 0 FT934-11863 1
445 0 FT934-13060 1
445 0 FT934-14389 1
445 0 FT934-3058 1
445 0 FT934-408 1
445 0 FT934-8108 1
445 0 FT941-16586 1
445 0 FT941-3868 1
445 0 FT941-4163 1
445 0 FT941-6743 1
445 0 FT941-7795 1
445 0 FT941-7858 1
445 0 FT941-8007 1
445 0 FT941-8192 1
445 0 FT941-8960 1
445 0 FT941-9703 1
445 0 FT942-132 1
445 0 FT942-16458 1
445 0 FT942-17115 1
445 0 FT942-17503 1
445 0 FT942-2917 1
445 0 FT943-15291 1
445 0 FT943-15333 1
445 0 FT943-8964 1
445 0 FT943-9241 1
445 0 FT944-1870 1
445 0 FT944-2077 1
446 0 FT921-6226 1
446 0 FT922-12716 1
446 0 FT923-7572 1
446 0 FT924-10172 1
446 0 FT924-11275 1
446 0 FT924-11501 1
446 0 FT924-11890 1
446 0 FT924-12035 1
446 0 FT924-12197 1
446 0 FT924-1694 1
446 0 FT924-4326 1
446 0 FT924-8057 1
446 0 FT924-8062 1
446 0 FT931-10308 1
446 0 FT931-4450 1
446 0 FT931-4997 1
446 0 FT931-5364 1
446 0 FT931-5366 1
446 0 FT931-887 1
446 0 FT931-9190 1
446 0 FT932-13488 1
446 0 FT932-13545 1
446 0 FT932-13562 1
446 0 FT932-16493 1
446 0 FT932-2101 1
446 0 FT932-4098 1
446 0 FT932-4527 1
446 0 FT932-6493 1
446 0 FT932-679 1
446 0 FT933-11090 1
446 0 FT933-11849 1
446 0 FT933-12228 1
446 0 FT933-12232 1
446 0 FT933-1349 1
446 0 FT933-14609 1
446 0 FT933-15380 1
446 0 FT933-15385 1
446 0 FT933-2521 1
446 0 FT933-2808 1
446 0 FT933-2919 1
446 0 FT933-3290 1
446 0 FT933-4446 1
446 0 FT933-7901 1
446 0 FT934-11791 1
446 0 FT934-12157 1
446 0 FT934-12416 1
446 0 FT934-13100 1
446 0 FT934-355 1
446 0 FT934-367 1
446 0 FT934-3970 1
446 0 FT934-7591 1
446 0 FT941-11013 1
446 0 FT941-5407 1
446 0 FT941-5484 1
446 0 FT941-7642 1
446 0 FT941-8047 1
446 0 FT942-10465 1
446 0 FT942-13789 1
446 0 FT942-13802 1
446 0 FT942-15963 1
446 0 FT942-16266 1
446 0 FT942-1754 1
446 0 FT943-11047 1
446 0 FT943-11195 1
446 0 FT943-497 1
446 0 FT943-568 1
446 0 FT943-6049 1
446 0 FT944-14358 1
447 0 FT923-9701 1
448 0 FT911-1248 1
448 0 FT921-11935 1
448 0 FT922-15088 1
448 0 FT922-1727 1
448 0 FT922-4205 1
448 0 FT924-4069 1
448 0 FT931-13755 1
448 0 FT931-15025 1
448 0 FT931-16401 1
448 0 FT931-16443 1
448 0 FT931-16636 1
448 0 FT931-8485 1
448 0 FT934-1403 1
448 0 FT934-1954 1
448 0 FT934-9603 1
448 0 FT941-11514 1
448 0 FT941-14237 1
448 0 FT942-4810 1
448 0 FT944-15661 1
448 0 FT944-1600 1
448 0 FT944-1624 1
448 0 FT944-17958 1
448 0 FT944-18479 1
448 0 FT944-18499 1
448 0 FT944-18508 1
448 0 FT944-18592 1
448 0 FT944-18722 1
448 0 FT944-18877 1
448 0 FT944-18938 1
449 0 FT921-16061 1
449 0 FT921-16484 1
449 0 FT921-2018 1
449 0 FT921-8860 1
449 0 FT922-12251 1
449 0 FT922-2196 1
449 0 FT922-2251 1
449 0 FT922-7537 1
449 0 FT923-11350 1
449 0 FT923-11623 1
449 0 FT923-12060 1
449 0 FT923-12315 1
449 0 FT923-1707 1
449 0 FT923-437 1
449 0 FT924-13606 1
449 0 FT924-15181 1
449 0 FT924-152 1
449 0 FT924-3416 1
449 0 FT924-5307 1
449 0 FT931-8190 1
449 0 FT932-13552 1
449 0 FT932-5730 1
449 0 FT933-11435 1
449 0 FT933-5461 1
449 0 FT933-7438 1
449 0 FT933-831 1
449 0 FT934-2394 1
449 0 FT934-6412 1
449 0 FT934-9966 1
449 0 FT941-12043 1
449 0 FT941-15555 1
449 0 FT942-12479 1
449 0 FT942-151 1
449 0 FT942-2140 1
449 0 FT942-6984 1
449 0 FT942-8985 1
449 0 FT943-10502 1
449 0 FT943-208 1
449 0 FT943-3116 1
449 0 FT943-4507 1
449 0 FT943-7095 1
449 0 FT943-9461 1
449 0 FT944-18645 1
449 0 FT944-9258 1
450 0 FT911-4070 1
450 0 FT921-11725 1
450 0 FT921-12322 1
450 0 FT921-16122 1
450 0 FT921-3964 1
450 0 FT923-12577 1
450 0 FT923-13456 1
450 0 FT923-14696 1
450 0 FT923-3256 1
450 0 FT924-1173 1
450 0 FT924-13555 1
450 0 FT924-5830 1
450 0 FT931-7994 1
450 0 FT932-3355 1
450 0 FT932-4802 1
450 0 FT933-1933 1
450 0 FT933-2144 1
450 0 FT933-2154 1
450 0 FT933-2304 1
450 0 FT933-3882 1
450 0 FT933-4921 1
450 0 FT933-496 1
450 0 FT933-499 1
450 0 FT933-5087 1
450 0 FT933-5518 1
450 0 FT933-5611 1
450 0 FT933-5957 1
450 0 FT933-748 1
450 0 FT933-912 1
450 0 FT933-924 1
450 0 FT934-10071 1
450 0 FT934-10273 1
450 0 FT934-10277 1
450 0 FT934-6691 1
450 0 FT934-9101 1
450 0 FT941-10100 1
450 0 FT941-12873 1
450 0 FT941-13153 1
450 0 FT941-16748 1
450 0 FT941-17555 1
450 0 FT942-11628 1
450 0 FT942-13340 1
450 0 FT942-15032 1
450 0 FT942-4289 1
450 0 FT942-4603 1
450 0 FT943-10634 1
450 0 FT943-10856 1
450 0 FT943-11046 1
450 0 FT943-11248 1
450 0 FT943-11390 1
450 0 FT943-12145 1
450 0 FT943-12167 1
450 0 FT943-12406 1
450 0 FT943-12422 1
450 0 FT943-12560 1
450 0 FT943-12733 1
450 0 FT943-12946 1
450 0 FT943-12960 1
450 0 FT943-13098 1
450 0 FT943-13705 1
450 0 FT943-13871 1
450 0 FT943-14084 1
450 0 FT943-14806 1
450 0 FT943-15066 1
450 0 FT943-15113 1
450 0 FT943-15923 1
450 0 FT943-15934 1
450 0 FT943-4318 1
450 0 FT943-4881 1
450 0 FT943-6333 1
450 0 FT943-6412 1
450 0 FT943-9495 1
450 0 FT943-9719 1
450 0 FT943-9887 1
450 0 FT943-9932 1
450 0 FT943-9994 1
450 0 FT944-10340 1
450 0 FT944-12268 1
450 0 FT944-13606 1
450 0 FT944-13630 1
450 0 FT944-14204 1
450 0 FT944-14566 1
450 0 FT944-15512 1
450 0 FT944-15625 1
450 0 FT944-15846 1
450 0 FT944-16188 1
